,sojourn_time,cdf
0,0.0,0.0
1,0.01,0.0067181551200379275
2,0.02,0.013371346062640677
3,0.03,0.019960634233347374
4,0.04,0.026487056477688675
5,0.05,0.03295162572809274
6,0.060000000000000005,0.039355331633070256
7,0.07,0.04569914116916152
8,0.08,0.051983999236133616
9,0.09,0.058210829235884276
10,0.09999999999999999,0.06438053363551066
11,0.10999999999999999,0.07049399451497596
12,0.11999999999999998,0.07655207409980502
13,0.12999999999999998,0.08255561527922506
14,0.13999999999999999,0.08850544211014777
15,0.15,0.09440236030739346
16,0.16,0.10024715772053605
17,0.17,0.10604060479773236
18,0.18000000000000002,0.11178345503691067
19,0.19000000000000003,0.11747644542465363
20,0.20000000000000004,0.12312029686312664
21,0.21000000000000005,0.12871571458537534
22,0.22000000000000006,0.13426338855932185
23,0.23000000000000007,0.13976399388076777
24,0.24000000000000007,0.1452181911557041
25,0.25000000000000006,0.15062662687223538
26,0.26000000000000006,0.15598993376239567
27,0.2700000000000001,0.1613087311541359
28,0.2800000000000001,0.16658362531376425
29,0.2900000000000001,0.17181520977909015
30,0.3000000000000001,0.17700406568354043
31,0.3100000000000001,0.18215076207148861
32,0.3200000000000001,0.18725585620504492
33,0.3300000000000001,0.19231989386254467
34,0.34000000000000014,0.19734340962895458
35,0.35000000000000014,0.20232692717843503
36,0.36000000000000015,0.20727095954926134
37,0.37000000000000016,0.21217600941132275
38,0.38000000000000017,0.21704256932640165
39,0.3900000000000002,0.22187112200143233
40,0.4000000000000002,0.2266621405349324
41,0.4100000000000002,0.23141608865679641
42,0.4200000000000002,0.2361334209616356
43,0.4300000000000002,0.24081458313583604
44,0.4400000000000002,0.24546001217851765
45,0.45000000000000023,0.25007013661655486
46,0.46000000000000024,0.25464537671382204
47,0.47000000000000025,0.2591861446748309
48,0.48000000000000026,0.2636928448429041
49,0.49000000000000027,0.2681658738930425
50,0.5000000000000002,0.2726056210196304
51,0.5100000000000002,0.27701246811911784
52,0.5200000000000002,0.2813867899678234
53,0.5300000000000002,0.28572895439498625
54,0.5400000000000003,0.290039322451203
55,0.5500000000000003,0.29431824857237143
56,0.5600000000000003,0.29856608073926993
57,0.5700000000000003,0.30278316063288746
58,0.5800000000000003,0.3069698237856219
59,0.5900000000000003,0.3111263997284657
60,0.6000000000000003,0.31525321213427926
61,0.6100000000000003,0.3193505789572668
62,0.6200000000000003,0.3234188125687596
63,0.6300000000000003,0.3274582198893988
64,0.6400000000000003,0.3314691025178276
65,0.6500000000000004,0.3354517568559803
66,0.6600000000000004,0.33940647423106884
67,0.6700000000000004,0.3433335410143481
68,0.6800000000000004,0.34723323873675516
69,0.6900000000000004,0.35110584420150814
70,0.7000000000000004,0.3549516295937398
71,0.7100000000000004,0.35877086258726176
72,0.7200000000000004,0.3625638064485188
73,0.7300000000000004,0.3663307201378275
74,0.7400000000000004,0.3700718584079624
75,0.7500000000000004,0.3737874719001667
76,0.7600000000000005,0.3774778072376552
77,0.7700000000000005,0.3811431071166834
78,0.7800000000000005,0.3847836103952398
79,0.7900000000000005,0.388399552179434
80,0.8000000000000005,0.3919911639076433
81,0.8100000000000005,0.3955586734324712
82,0.8200000000000005,0.399102305100587
83,0.8300000000000005,0.40262227983049714
84,0.8400000000000005,0.4061188151883105
85,0.8500000000000005,0.40959212546154145
86,0.8600000000000005,0.41304242173102124
87,0.8700000000000006,0.4164699119409516
88,0.8800000000000006,0.41987480096716057
89,0.8900000000000006,0.42325729068360995
90,0.9000000000000006,0.42661758002719485
91,0.9100000000000006,0.42995586506089023
92,0.9200000000000006,0.4332723390352794
93,0.9300000000000006,0.4365671924485204
94,0.9400000000000006,0.4398406131047806
95,0.9500000000000006,0.44309278617118986
96,0.9600000000000006,0.44632389423334407
97,0.9700000000000006,0.44953411734940907
98,0.9800000000000006,0.45272363310285
99,0.9900000000000007,0.4558926166538353
100,1.0000000000000007,0.45904124078934117
101,1.0100000000000007,0.462169675971999
102,1.0200000000000007,0.4652780903877126
103,1.0300000000000007,0.4683666499920863
104,1.0400000000000007,0.47143551855568955
105,1.0500000000000007,0.47448485770819104
106,1.0600000000000007,0.47751482698139336
107,1.0700000000000007,0.48052558385119903
108,1.0800000000000007,0.4835172837785341
109,1.0900000000000007,0.4864900802492558
110,1.1000000000000008,0.4894441248130784
111,1.1100000000000008,0.4923795671215343
112,1.1200000000000008,0.4952965549650046
113,1.1300000000000008,0.4981952343088377
114,1.1400000000000008,0.5010757493285845
115,1.1500000000000008,0.503938242444369
116,1.1600000000000008,0.506782854354426
117,1.1700000000000008,0.5096097240678168
118,1.1800000000000008,0.5124189889363534
119,1.1900000000000008,0.5152107846857488
120,1.2000000000000008,0.5179852454460145
121,1.2100000000000009,0.5207425037811254
122,1.2200000000000009,0.52348269071797
123,1.2300000000000009,0.5262059357746087
124,1.2400000000000009,0.5289123669878526
125,1.2500000000000009,0.5316021109401868
126,1.260000000000001,0.534275292786053
127,1.270000000000001,0.5369320362775052
128,1.280000000000001,0.5395724637892607
129,1.290000000000001,0.5421966963431593
130,1.300000000000001,0.5448048536320451
131,1.310000000000001,0.5473970540430904
132,1.320000000000001,0.5499734146805688
133,1.330000000000001,0.552534051388103
134,1.340000000000001,0.5550790787703884
135,1.350000000000001,0.5576086102144175
136,1.360000000000001,0.5601227579102105
137,1.370000000000001,0.5626216328710678
138,1.380000000000001,0.5651053449533598
139,1.390000000000001,0.5675740028758574
140,1.400000000000001,0.5700277142386267
141,1.410000000000001,0.5724665855414901
142,1.420000000000001,0.5748907222020678
143,1.430000000000001,0.5773002285734142
144,1.440000000000001,0.5796952079612535
145,1.450000000000001,0.5820757626408286
146,1.460000000000001,0.5844419938733745
147,1.470000000000001,0.5867940019222209
148,1.480000000000001,0.5891318860685393
149,1.490000000000001,0.5914557446267403
150,1.500000000000001,0.5937656749595304
151,1.5100000000000011,0.5960617734926377
152,1.5200000000000011,0.5983441357292152
153,1.5300000000000011,0.600612856263929
154,1.5400000000000011,0.6028680287967412
155,1.5500000000000012,0.6051097461463921
156,1.5600000000000012,0.6073381002635936
157,1.5700000000000012,0.6095531822439358
158,1.5800000000000012,0.6117550823405224
159,1.5900000000000012,0.6139438899763295
160,1.6000000000000012,0.6161196937563087
161,1.6100000000000012,0.6182825814792284
162,1.6200000000000012,0.6204326401492702
163,1.6300000000000012,0.6225699559873796
164,1.6400000000000012,0.6246946144423777
165,1.6500000000000012,0.6268067002018471
166,1.6600000000000013,0.6289062972027868
167,1.6700000000000013,0.6309934886420502
168,1.6800000000000013,0.633068356986569
169,1.6900000000000013,0.6351309839833659
170,1.7000000000000013,0.6371814506693655
171,1.7100000000000013,0.6392198373810059
172,1.7200000000000013,0.6412462237636565
173,1.7300000000000013,0.6432606887808464
174,1.7400000000000013,0.6452633107233089
175,1.7500000000000013,0.647254167217846
176,1.7600000000000013,0.6492333352360169
177,1.7700000000000014,0.6512008911026568
178,1.7800000000000014,0.6531569105042272
179,1.7900000000000014,0.6551014684970047
180,1.8000000000000014,0.6570346395151087
181,1.8100000000000014,0.6589564973783775
182,1.8200000000000014,0.66086711530009
183,1.8300000000000014,0.6627665658945407
184,1.8400000000000014,0.6646549211844721
185,1.8500000000000014,0.6665322526083635
186,1.8600000000000014,0.6683986310275857
187,1.8700000000000014,0.6702541267334201
188,1.8800000000000014,0.6720988094539464
189,1.8900000000000015,0.6739327483608046
190,1.9000000000000015,0.6757560120758312
191,1.9100000000000015,0.6775686686775733
192,1.9200000000000015,0.679370785707685
193,1.9300000000000015,0.6811624301772076
194,1.9400000000000015,0.6829436685727355
195,1.9500000000000015,0.6847145668624732
196,1.9600000000000015,0.6864751905021828
197,1.9700000000000015,0.6882256044410271
198,1.9800000000000015,0.6899658731273088
199,1.9900000000000015,0.6916960605141095
200,2.0000000000000013,0.6934162300648303
201,2.010000000000001,0.6951264447586369
202,2.020000000000001,0.6968267670958093
203,2.0300000000000007,0.698517259103002
204,2.0400000000000005,0.700197982338412
205,2.0500000000000003,0.7018689978968624
206,2.06,0.7035303664147968
207,2.07,0.7051821480751934
208,2.0799999999999996,0.7068244026123955
209,2.0899999999999994,0.7084571893168617
210,2.099999999999999,0.7100805670398401
211,2.109999999999999,0.7116945941979629
212,2.1199999999999988,0.71329932877777
213,2.1299999999999986,0.7148948283401574
214,2.1399999999999983,0.7164811500247532
215,2.149999999999998,0.7180583505542271
216,2.159999999999998,0.7196264862385274
217,2.1699999999999977,0.7211856129790553
218,2.1799999999999975,0.7227357862727715
219,2.1899999999999973,0.7242770612162379
220,2.199999999999997,0.7258094925096001
221,2.209999999999997,0.7273331344605054
222,2.2199999999999966,0.7288480409879632
223,2.2299999999999964,0.7303542656261444
224,2.239999999999996,0.7318518615281264
225,2.249999999999996,0.7333408814695801
226,2.259999999999996,0.7348213778524006
227,2.2699999999999956,0.7362934027082892
228,2.2799999999999954,0.7377570077022756
229,2.289999999999995,0.7392122441361937
230,2.299999999999995,0.7406591629521073
231,2.3099999999999947,0.7420978147356803
232,2.3199999999999945,0.7435282497195069
233,2.3299999999999943,0.7449505177863874
234,2.339999999999994,0.7463646684725613
235,2.349999999999994,0.747770750970893
236,2.3599999999999937,0.7491688141340145
237,2.3699999999999934,0.7505589064774237
238,2.3799999999999932,0.7519410761825389
239,2.389999999999993,0.7533153710997126
240,2.399999999999993,0.7546818387512042
241,2.4099999999999926,0.7560405263341108
242,2.4199999999999924,0.7573914807232618
243,2.429999999999992,0.7587347484740697
244,2.439999999999992,0.7600703758253486
245,2.4499999999999917,0.761398408702091
246,2.4599999999999915,0.7627188927182097
247,2.4699999999999913,0.7640318731792454
248,2.479999999999991,0.7653373950850355
249,2.489999999999991,0.7666355031323528
250,2.4999999999999907,0.7679262417175075
251,2.5099999999999905,0.7692096549389152
252,2.5199999999999902,0.7704857865996368
253,2.52999999999999,0.7717546802098811
254,2.53999999999999,0.7730163789894801
255,2.5499999999999896,0.7742709258703312
256,2.5599999999999894,0.7755183634988099
257,2.569999999999989,0.7767587342381541
258,2.579999999999989,0.7779920801708167
259,2.5899999999999888,0.779218443100792
260,2.5999999999999885,0.7804378645559136
261,2.6099999999999883,0.7816503857901225
262,2.619999999999988,0.782856047785712
263,2.629999999999988,0.7840548912555431
264,2.6399999999999877,0.7852469566452343
265,2.6499999999999875,0.7864322841353273
266,2.6599999999999873,0.7876109136434246
267,2.669999999999987,0.7887828848263061
268,2.679999999999987,0.7899482370820179
269,2.6899999999999866,0.7911070095519392
270,2.6999999999999864,0.7922592411228256
271,2.709999999999986,0.7934049704288275
272,2.719999999999986,0.7945442358534891
273,2.7299999999999858,0.7956770755317208
274,2.7399999999999856,0.7968035273517547
275,2.7499999999999853,0.7979236289570737
276,2.759999999999985,0.7990374177483217
277,2.769999999999985,0.8001449308851941
278,2.7799999999999847,0.8012462052883046
279,2.7899999999999845,0.8023412776410348
280,2.7999999999999843,0.8034301843913622
281,2.809999999999984,0.8045129617536692
282,2.819999999999984,0.8055896457105326
283,2.8299999999999836,0.8066602720144948
284,2.8399999999999834,0.8077248761898156
285,2.849999999999983,0.808783493534206
286,2.859999999999983,0.8098361591205439
287,2.869999999999983,0.8108829077985724
288,2.8799999999999826,0.8119237741965799
289,2.8899999999999824,0.8129587927230636
290,2.899999999999982,0.813987997568375
291,2.909999999999982,0.8150114227063509
292,2.9199999999999817,0.8160291018959251
293,2.9299999999999815,0.8170410686827259
294,2.9399999999999813,0.8180473564006575
295,2.949999999999981,0.8190479981734641
296,2.959999999999981,0.8200430269162803
297,2.9699999999999807,0.8210324753371661
298,2.9799999999999804,0.8220163759386245
299,2.9899999999999802,0.8229947610191085
300,2.99999999999998,0.8239676626745086
301,3.00999999999998,0.8249351127996305
302,3.0199999999999796,0.8258971430896547
303,3.0299999999999794,0.8268537850415849
304,3.039999999999979,0.8278050699556816
305,3.049999999999979,0.828751028936881
306,3.0599999999999787,0.829691692896203
307,3.0699999999999785,0.8306270925521435
308,3.0799999999999783,0.8315572584320547
309,3.089999999999978,0.832482220873513
310,3.099999999999978,0.8334020100256732
311,3.1099999999999777,0.8343166558506108
312,3.1199999999999775,0.8352261881246521
313,3.1299999999999772,0.8361306364396914
314,3.139999999999977,0.8370300302044971
315,3.149999999999977,0.8379243986460045
316,3.1599999999999766,0.8388137708105992
317,3.1699999999999764,0.8396981755653863
318,3.179999999999976,0.8405776415994497
319,3.189999999999976,0.8414521974251009
320,3.1999999999999758,0.8423218713791142
321,3.2099999999999755,0.8431866916239534
322,3.2199999999999753,0.8440466861489867
323,3.229999999999975,0.8449018827716898
324,3.239999999999975,0.8457523091388407
325,3.2499999999999747,0.8465979927277022
326,3.2599999999999745,0.8474389608471955
327,3.2699999999999743,0.8482752406390618
328,3.279999999999974,0.8491068590790156
329,3.289999999999974,0.8499338429778878
330,3.2999999999999736,0.8507562189827573
331,3.3099999999999734,0.8515740135780763
332,3.319999999999973,0.8523872530867818
333,3.329999999999973,0.8531959636714008
334,3.3399999999999728,0.854000171335146
335,3.3499999999999726,0.8547999019229997
336,3.3599999999999723,0.8555951811227912
337,3.369999999999972,0.856386034466265
338,3.379999999999972,0.857172487330138
339,3.3899999999999717,0.8579545649371494
340,3.3999999999999715,0.8587322923571038
341,3.4099999999999713,0.8595056945079008
342,3.419999999999971,0.86027479615656
343,3.429999999999971,0.8610396219202385
344,3.4399999999999706,0.8618001962672347
345,3.4499999999999704,0.8625565435179896
346,3.45999999999997,0.8633086878460768
347,3.46999999999997,0.8640566532791863
348,3.47999999999997,0.8648004637000978
349,3.4899999999999696,0.8655401428476486
350,3.4999999999999694,0.8662757143176933
351,3.509999999999969,0.8670072015640541
352,3.519999999999969,0.8677346278994655
353,3.5299999999999687,0.8684580164965111
354,3.5399999999999685,0.8691773903885514
355,3.5499999999999683,0.8698927724706457
356,3.559999999999968,0.8706041855004673
357,3.569999999999968,0.8713116520992098
358,3.5799999999999677,0.8720151947524866
359,3.5899999999999674,0.8727148358112248
360,3.5999999999999672,0.8734105974925505
361,3.609999999999967,0.8741025018806676
362,3.619999999999967,0.8747905709277304
363,3.6299999999999666,0.8754748264547081
364,3.6399999999999664,0.8761552901522452
365,3.649999999999966,0.8768319835815117
366,3.659999999999966,0.8775049281750488
367,3.6699999999999657,0.8781741452376092
368,3.6799999999999655,0.8788396559469879
369,3.6899999999999653,0.8795014813548492
370,3.699999999999965,0.880159642387547
371,3.709999999999965,0.8808141598469372
372,3.7199999999999647,0.8814650544111863
373,3.7299999999999645,0.8821123466355711
374,3.7399999999999642,0.8827560569532764
375,3.749999999999964,0.8833962056761814
376,3.759999999999964,0.8840328129956451
377,3.7699999999999636,0.8846658989832827
378,3.7799999999999634,0.8852954835917376
379,3.789999999999963,0.8859215866554464
380,3.799999999999963,0.8865442278914003
381,3.8099999999999627,0.8871634268998984
382,3.8199999999999625,0.8877792031652967
383,3.8299999999999623,0.8883915760567516
384,3.839999999999962,0.889000564828958
385,3.849999999999962,0.8896061886228807
386,3.8599999999999617,0.8902084664664814
387,3.8699999999999615,0.8908074172754418
388,3.8799999999999613,0.8914030598538776
389,3.889999999999961,0.8919954128950507
390,3.899999999999961,0.8925844949820751
391,3.9099999999999606,0.8931703245886172
392,3.9199999999999604,0.8937529200795914
393,3.92999999999996,0.8943322997118502
394,3.93999999999996,0.8949084816348707
395,3.9499999999999598,0.8954814838914341
396,3.9599999999999596,0.896051324418301
397,3.9699999999999593,0.896618021046884
398,3.979999999999959,0.8971815915039113
399,3.989999999999959,0.8977420534120885
400,3.9999999999999587,0.8982994242907558
401,4.009999999999959,0.8988537215565386
402,4.019999999999959,0.8994049625239947
403,4.0299999999999585,0.8999531644062568
404,4.039999999999958,0.90049834431567
405,4.049999999999958,0.9010405192644249
406,4.059999999999958,0.901579706165187
407,4.069999999999958,0.9021159218317201
408,4.079999999999957,0.9026491829795062
409,4.089999999999957,0.9031795062263617
410,4.099999999999957,0.9037069080930473
411,4.109999999999957,0.9042314050038758
412,4.119999999999957,0.9047530132873136
413,4.129999999999956,0.90527174917658
414,4.139999999999956,0.9057876288102407
415,4.149999999999956,0.906300668232797
416,4.159999999999956,0.9068108833952733
417,4.1699999999999555,0.9073182901557968
418,4.179999999999955,0.9078229042801762
419,4.189999999999955,0.9083247414424757
420,4.199999999999955,0.9088238172255831
421,4.209999999999955,0.9093201471217768
422,4.2199999999999545,0.9098137465332863
423,4.229999999999954,0.9103046307728517
424,4.239999999999954,0.9107928150642757
425,4.249999999999954,0.9112783145429748
426,4.259999999999954,0.9117611442565261
427,4.269999999999953,0.9122413191652081
428,4.279999999999953,0.9127188541425412
429,4.289999999999953,0.9131937639758225
430,4.299999999999953,0.9136660633666565
431,4.3099999999999525,0.9141357669314832
432,4.319999999999952,0.914602889202103
433,4.329999999999952,0.9150674446261965
434,4.339999999999952,0.9155294475678417
435,4.349999999999952,0.9159889123080278
436,4.3599999999999515,0.9164458530451649
437,4.369999999999951,0.9169002838955909
438,4.379999999999951,0.917352218894074
439,4.389999999999951,0.9178016719943136
440,4.399999999999951,0.918248657069435
441,4.40999999999995,0.9186931879124838
442,4.41999999999995,0.9191352782369143
443,4.42999999999995,0.9195749416770772
444,4.43999999999995,0.9200121917887014
445,4.4499999999999496,0.9204470420493742
446,4.459999999999949,0.9208795058590185
447,4.469999999999949,0.9213095965403646
448,4.479999999999949,0.921737327339422
449,4.489999999999949,0.9221627114259461
450,4.4999999999999485,0.9225857618939008
451,4.509999999999948,0.9230064917619211
452,4.519999999999948,0.9234249139737694
453,4.529999999999948,0.9238410413987912
454,4.539999999999948,0.9242548868323658
455,4.549999999999947,0.9246664629963556
456,4.559999999999947,0.9250757825395517
457,4.569999999999947,0.925482858038116
458,4.579999999999947,0.9258877019960218
459,4.589999999999947,0.9262903268454893
460,4.599999999999946,0.9266907449474212
461,4.609999999999946,0.9270889685918325
462,4.619999999999946,0.9274850099982792
463,4.629999999999946,0.9278788813162836
464,4.6399999999999455,0.9282705946257568
465,4.649999999999945,0.9286601619374183
466,4.659999999999945,0.9290475951932138
467,4.669999999999945,0.9294329062667287
468,4.679999999999945,0.9298161069635995
469,4.689999999999944,0.9301972090219235
470,4.699999999999944,0.9305762241126644
471,4.709999999999944,0.9309531638400559
472,4.719999999999944,0.9313280397420024
473,4.729999999999944,0.9317008632904779
474,4.739999999999943,0.9320716458919207
475,4.749999999999943,0.9324403988876272
476,4.759999999999943,0.9328071335541422
477,4.769999999999943,0.9331718611036468
478,4.7799999999999425,0.9335345926843438
479,4.789999999999942,0.9338953393808406
480,4.799999999999942,0.9342541122145298
481,4.809999999999942,0.9346109221439672
482,4.819999999999942,0.9349657800652471
483,4.8299999999999415,0.9353186968123757
484,4.839999999999941,0.9356696831576411
485,4.849999999999941,0.9360187498119826
486,4.859999999999941,0.9363659074253561
487,4.869999999999941,0.9367111665870971
488,4.87999999999994,0.9370545378262827
489,4.88999999999994,0.93739603161209
490,4.89999999999994,0.9377356583541531
491,4.90999999999994,0.9380734284029169
492,4.9199999999999395,0.938409352049989
493,4.929999999999939,0.9387434395284904
494,4.939999999999939,0.9390757010134015
495,4.949999999999939,0.9394061466219084
496,4.959999999999939,0.9397347864137459
497,4.9699999999999385,0.9400616303915377
498,4.979999999999938,0.9403866885011356
499,4.989999999999938,0.940709970631956
500,4.999999999999938,0.9410314866173143
501,5.009999999999938,0.9413512462347564
502,5.019999999999937,0.9416692592063896
503,5.029999999999937,0.9419855351992106
504,5.039999999999937,0.9423000838254308
505,5.049999999999937,0.9426129146428008
506,5.0599999999999365,0.9429240371549319
507,5.069999999999936,0.9432334608116154
508,5.079999999999936,0.9435411950091412
509,5.089999999999936,0.9438472490906128
510,5.099999999999936,0.9441516323462614
511,5.1099999999999355,0.9444543540137575
512,5.119999999999935,0.9447554232785202
513,5.129999999999935,0.9450548492740259
514,5.139999999999935,0.9453526410821135
515,5.149999999999935,0.945648807733288
516,5.159999999999934,0.9459433582070234
517,5.169999999999934,0.9462363014320622
518,5.179999999999934,0.9465276462867138
519,5.189999999999934,0.9468174015991504
520,5.199999999999934,0.9471055761477024
521,5.209999999999933,0.9473921786611499
522,5.219999999999933,0.9476772178190142
523,5.229999999999933,0.9479607022518467
524,5.239999999999933,0.9482426405415157
525,5.2499999999999325,0.948523041221492
526,5.259999999999932,0.9488019127771324
527,5.269999999999932,0.9490792636459615
528,5.279999999999932,0.9493551022179518
529,5.289999999999932,0.9496294368358016
530,5.299999999999931,0.9499022757952119
531,5.309999999999931,0.9501736273451615
532,5.319999999999931,0.9504434996881791
533,5.329999999999931,0.9507119009806158
534,5.339999999999931,0.9509788393329139
535,5.34999999999993,0.9512443228098758
536,5.35999999999993,0.9515083594309294
537,5.36999999999993,0.9517709571703937
538,5.37999999999993,0.9520321239577414
539,5.3899999999999295,0.9522918676778601
540,5.399999999999929,0.9525501961713129
541,5.409999999999929,0.9528071172345955
542,5.419999999999929,0.9530626386203939
543,5.429999999999929,0.9533167680378388
544,5.4399999999999284,0.953569513152759
545,5.449999999999928,0.9538208815879335
546,5.459999999999928,0.9540708809233418
547,5.469999999999928,0.9543195186964125
548,5.479999999999928,0.9545668024022707
549,5.489999999999927,0.9548127394939834
550,5.499999999999927,0.9550573373828044
551,5.509999999999927,0.9553006034384162
552,5.519999999999927,0.9555425449891713
553,5.5299999999999265,0.9557831693223328
554,5.539999999999926,0.9560224836843112
555,5.549999999999926,0.9562604952809024
556,5.559999999999926,0.9564972112775225
557,5.569999999999926,0.9567326387994418
558,5.5799999999999255,0.9569667849320171
559,5.589999999999925,0.9571996567209227
560,5.599999999999925,0.9574312611723804
561,5.609999999999925,0.9576616052533872
562,5.619999999999925,0.9578906958919422
563,5.629999999999924,0.9581185399772726
564,5.639999999999924,0.9583451443600569
565,5.649999999999924,0.9585705158526482
566,5.659999999999924,0.9587946612292948
567,5.6699999999999235,0.9590175872263613
568,5.679999999999923,0.959239300542546
569,5.689999999999923,0.9594598078390991
570,5.699999999999923,0.9596791157400382
571,5.709999999999923,0.9598972308323629
572,5.7199999999999225,0.9601141596662685
573,5.729999999999922,0.9603299087553578
574,5.739999999999922,0.960544484576852
575,5.749999999999922,0.9607578935718
576,5.759999999999922,0.9609701421452868
577,5.769999999999921,0.9611812366666401
578,5.779999999999921,0.9613911834696369
579,5.789999999999921,0.9615999888527066
580,5.799999999999921,0.9618076590791353
581,5.809999999999921,0.9620142003772674
582,5.81999999999992,0.9622196189407061
583,5.82999999999992,0.9624239209285135
584,5.83999999999992,0.9626271124654083
585,5.84999999999992,0.9628291996419638
586,5.8599999999999195,0.9630301885148026
587,5.869999999999919,0.9632300851067928
588,5.879999999999919,0.9634288954072404
589,5.889999999999919,0.9636266253720825
590,5.899999999999919,0.9638232809240781
591,5.909999999999918,0.9640188679529985
592,5.919999999999918,0.964213392315816
593,5.929999999999918,0.9644068598368921
594,5.939999999999918,0.964599276308164
595,5.949999999999918,0.96479064748933
596,5.959999999999917,0.9649809791080343
597,5.969999999999917,0.9651702768600501
598,5.979999999999917,0.9653585464094622
599,5.989999999999917,0.9655457933888477
600,5.9999999999999165,0.9657320233994566
601,6.009999999999916,0.9659172420113903
602,6.019999999999916,0.9661014547637797
603,6.029999999999916,0.9662846671649624
604,6.039999999999916,0.9664668846926582
605,6.0499999999999154,0.9666481127941436
606,6.059999999999915,0.9668283568864261
607,6.069999999999915,0.9670076223564165
608,6.079999999999915,0.9671859145611006
609,6.089999999999915,0.9673632388277098
610,6.099999999999914,0.967539600453891
611,6.109999999999914,0.9677150047078745
612,6.119999999999914,0.9678894568286426
613,6.129999999999914,0.9680629620260949
614,6.1399999999999135,0.9682355254812153
615,6.149999999999913,0.9684071523462354
616,6.159999999999913,0.9685778477447989
617,6.169999999999913,0.9687476167721241
618,6.179999999999913,0.9689164644951651
619,6.1899999999999125,0.9690843959527733
620,6.199999999999912,0.9692514161558565
621,6.209999999999912,0.9694175300875384
622,6.219999999999912,0.9695827427033158
623,6.229999999999912,0.9697470589312157
624,6.239999999999911,0.969910483671952
625,6.249999999999911,0.9700730217990796
626,6.259999999999911,0.9702346781591492
627,6.269999999999911,0.9703954575718605
628,6.2799999999999105,0.9705553648302144
629,6.28999999999991,0.9707144047006644
630,6.29999999999991,0.9708725819232672
631,6.30999999999991,0.9710299012118327
632,6.31999999999991,0.9711863672540726
633,6.3299999999999095,0.9713419847117476
634,6.339999999999909,0.9714967582208157
635,6.349999999999909,0.9716506923915775
636,6.359999999999909,0.9718037918088217
637,6.369999999999909,0.9719560610319696
638,6.379999999999908,0.9721075045952186
639,6.389999999999908,0.9722581270076851
640,6.399999999999908,0.9724079327535461
641,6.409999999999908,0.9725569262921809
642,6.419999999999908,0.9727051120583108
643,6.429999999999907,0.9728524944621383
644,6.439999999999907,0.9729990778894864
645,6.449999999999907,0.9731448667019361
646,6.459999999999907,0.9732898652369629
647,6.4699999999999065,0.973434077808074
648,6.479999999999906,0.9735775087049426
649,6.489999999999906,0.973720162193543
650,6.499999999999906,0.9738620425162843
651,6.509999999999906,0.9740031538921435
652,6.519999999999905,0.9741435005167979
653,6.529999999999905,0.9742830865627556
654,6.539999999999905,0.9744219161794877
655,6.549999999999905,0.9745599934935569
656,6.559999999999905,0.9746973226087471
657,6.569999999999904,0.9748339076061922
658,6.579999999999904,0.974969752544503
659,6.589999999999904,0.9751048614598948
660,6.599999999999904,0.9752392383663131
661,6.6099999999999035,0.9753728872555593
662,6.619999999999903,0.9755058120974149
663,6.629999999999903,0.9756380168397665
664,6.639999999999903,0.9757695054087276
665,6.649999999999903,0.9759002817087628
666,6.659999999999902,0.9760303496228077
667,6.669999999999902,0.9761597130123916
668,6.679999999999902,0.9762883757177573
669,6.689999999999902,0.9764163415579807
670,6.699999999999902,0.9765436143310898
671,6.709999999999901,0.9766701978141831
672,6.719999999999901,0.9767960957635472
673,6.729999999999901,0.9769213119147737
674,6.739999999999901,0.9770458499828758
675,6.7499999999999005,0.9771697136624029
676,6.7599999999999,0.9772929066275567
677,6.7699999999999,0.9774154325323048
678,6.7799999999999,0.977537295010494
679,6.7899999999999,0.977658497675964
680,6.7999999999998995,0.977779044122659
681,6.809999999999899,0.9778989379247396
682,6.819999999999899,0.9780181826366937
683,6.829999999999899,0.9781367817934468
684,6.839999999999899,0.9782547389104715
685,6.849999999999898,0.9783720574838972
686,6.859999999999898,0.9784887409906177
687,6.869999999999898,0.9786047928883991
688,6.879999999999898,0.9787202166159877
689,6.8899999999998975,0.978835015593216
690,6.899999999999897,0.9789491932211078
691,6.909999999999897,0.9790627528819857
692,6.919999999999897,0.9791756979395734
693,6.929999999999897,0.9792880317391013
694,6.9399999999998965,0.9793997576074095
695,6.949999999999896,0.9795108788530507
696,6.959999999999896,0.9796213987663925
697,6.969999999999896,0.9797313206197197
698,6.979999999999896,0.979840647667334
699,6.989999999999895,0.9799493831456563
700,6.999999999999895,0.9800575302733253
701,7.009999999999895,0.9801650922512978
702,7.019999999999895,0.9802720722629465
703,7.0299999999998946,0.9803784734741599
704,7.039999999999894,0.9804842990334378
705,7.049999999999894,0.9805895520719903
706,7.059999999999894,0.9806942357038336
707,7.069999999999894,0.9807983530258858
708,7.0799999999998935,0.9809019071180628
709,7.089999999999893,0.9810049010433729
710,7.099999999999893,0.9811073378480112
711,7.109999999999893,0.9812092205614537
712,7.119999999999893,0.9813105521965501
713,7.129999999999892,0.981411335749617
714,7.139999999999892,0.9815115742005301
715,7.149999999999892,0.9816112705128153
716,7.159999999999892,0.9817104276337403
717,7.169999999999892,0.9818090484944056
718,7.179999999999891,0.9819071360098337
719,7.189999999999891,0.9820046930790596
720,7.199999999999891,0.9821017225852193
721,7.209999999999891,0.9821982273956384
722,7.2199999999998905,0.9822942103619207
723,7.22999999999989,0.9823896743200351
724,7.23999999999989,0.9824846220904031
725,7.24999999999989,0.982579056477985
726,7.25999999999989,0.9826729802723666
727,7.269999999999889,0.9827663962478438
728,7.279999999999889,0.9828593071635087
729,7.289999999999889,0.9829517157633333
730,7.299999999999889,0.9830436247762546
731,7.309999999999889,0.9831350369162574
732,7.319999999999888,0.9832259548824575
733,7.329999999999888,0.983316381359185
734,7.339999999999888,0.983406319016066
735,7.349999999999888,0.9834957705081047
736,7.3599999999998875,0.9835847384757639
737,7.369999999999887,0.983673225545047
738,7.379999999999887,0.9837612343275773
739,7.389999999999887,0.9838487674206786
740,7.399999999999887,0.9839358274074541
741,7.4099999999998865,0.9840224168568658
742,7.419999999999886,0.9841085383238127
743,7.429999999999886,0.9841941943492094
744,7.439999999999886,0.984279387460063
745,7.449999999999886,0.984364120169551
746,7.459999999999885,0.9844483949770976
747,7.469999999999885,0.9845322143684502
748,7.479999999999885,0.9846155808157554
749,7.489999999999885,0.9846984967776341
750,7.4999999999998845,0.9847809646992571
751,7.509999999999884,0.9848629870124191
752,7.519999999999884,0.9849445661356133
753,7.529999999999884,0.985025704474105
754,7.539999999999884,0.985106404420005
755,7.5499999999998835,0.985186668352342
756,7.559999999999883,0.9852664986371364
757,7.569999999999883,0.9853458976274712
758,7.579999999999883,0.9854248676635635
759,7.589999999999883,0.9855034110728375
760,7.599999999999882,0.9855815301699933
761,7.609999999999882,0.9856592272570787
762,7.619999999999882,0.9857365046235587
763,7.629999999999882,0.9858133645463855
764,7.6399999999998816,0.9858898092900676
765,7.649999999999881,0.9859658411067389
766,7.659999999999881,0.9860414622362268
767,7.669999999999881,0.9861166749061205
768,7.679999999999881,0.9861914813318392
769,7.6899999999998805,0.9862658837166984
770,7.69999999999988,0.9863398842519779
771,7.70999999999988,0.9864134851169881
772,7.71999999999988,0.9864866884791358
773,7.72999999999988,0.9865594964939902
774,7.739999999999879,0.9866319113053489
775,7.749999999999879,0.9867039350453022
776,7.759999999999879,0.9867755698342984
777,7.769999999999879,0.9868468177812079
778,7.779999999999879,0.986917680983387
779,7.789999999999878,0.9869881615267422
780,7.799999999999878,0.9870582614857929
781,7.809999999999878,0.9871279829237343
782,7.819999999999878,0.9871973278925003
783,7.8299999999998775,0.9872662984328254
784,7.839999999999877,0.9873348965743068
785,7.849999999999877,0.9874031243354658
786,7.859999999999877,0.987470983723809
787,7.869999999999877,0.987538476735889
788,7.879999999999876,0.9876056053573649
789,7.889999999999876,0.9876723715630626
790,7.899999999999876,0.9877387773170346
791,7.909999999999876,0.9878048245726191
792,7.919999999999876,0.9878705152724994
793,7.929999999999875,0.9879358513487627
794,7.939999999999875,0.9880008347229589
795,7.949999999999875,0.9880654673061574
796,7.959999999999875,0.9881297509990069
797,7.9699999999998745,0.9881936876917912
798,7.979999999999874,0.988257279264487
799,7.989999999999874,0.9883205275868211
800,7.999999999999874,0.9883834345183262
801,8.009999999999874,0.9884460019083974
802,8.019999999999873,0.988508231596348
803,8.029999999999873,0.9885701254114659
804,8.039999999999873,0.9886316851730672
805,8.049999999999873,0.9886929126905525
806,8.059999999999873,0.9887538097634611
807,8.069999999999872,0.9888143781815251
808,8.079999999999872,0.988874619724724
809,8.089999999999872,0.9889345361633378
810,8.099999999999872,0.9889941292580008
811,8.109999999999872,0.9890534007597545
812,8.119999999999871,0.9891123524101006
813,8.129999999999871,0.9891709859410536
814,8.139999999999871,0.9892293030751925
815,8.14999999999987,0.9892873055257134
816,8.15999999999987,0.9893449949964809
817,8.16999999999987,0.9894023731820791
818,8.17999999999987,0.9894594417678633
819,8.18999999999987,0.9895162024300103
820,8.19999999999987,0.989572656835569
821,8.20999999999987,0.9896288066425111
822,8.21999999999987,0.9896846534997801
823,8.229999999999869,0.9897401990473415
824,8.239999999999869,0.9897954449162324
825,8.249999999999869,0.9898503927286104
826,8.259999999999868,0.989905044097802
827,8.269999999999868,0.9899594006283517
828,8.279999999999868,0.9900134639160703
829,8.289999999999868,0.9900672355480821
830,8.299999999999867,0.9901207171028741
831,8.309999999999867,0.9901739101503418
832,8.319999999999867,0.990226816251838
833,8.329999999999867,0.990279436960218
834,8.339999999999867,0.9903317738198885
835,8.349999999999866,0.9903838283668515
836,8.359999999999866,0.9904356021287526
837,8.369999999999866,0.990487096624926
838,8.379999999999866,0.9905383133664395
839,8.389999999999866,0.9905892538561415
840,8.399999999999865,0.9906399195887046
841,8.409999999999865,0.9906903120506713
842,8.419999999999865,0.9907404327204985
843,8.429999999999865,0.9907902830686017
844,8.439999999999864,0.9908398645573997
845,8.449999999999864,0.9908891786413575
846,8.459999999999864,0.9909382267670308
847,8.469999999999864,0.9909870103731092
848,8.479999999999864,0.9910355308904593
849,8.489999999999863,0.9910837897421673
850,8.499999999999863,0.9911317883435824
851,8.509999999999863,0.9911795281023587
852,8.519999999999863,0.9912270104184976
853,8.529999999999863,0.9912742366843895
854,8.539999999999862,0.9913212082848563
855,8.549999999999862,0.9913679265971916
856,8.559999999999862,0.9914143929912037
857,8.569999999999862,0.9914606088292549
858,8.579999999999862,0.9915065754663036
859,8.589999999999861,0.9915522942499443
860,8.599999999999861,0.9915977665204481
861,8.60999999999986,0.9916429936108025
862,8.61999999999986,0.9916879768467524
863,8.62999999999986,0.9917327175468382
864,8.63999999999986,0.9917772170224367
865,8.64999999999986,0.9918214765777995
866,8.65999999999986,0.9918654975100925
867,8.66999999999986,0.9919092811094341
868,8.67999999999986,0.991952828658935
869,8.68999999999986,0.991996141434735
870,8.699999999999859,0.9920392207060426
871,8.709999999999859,0.9920820677351719
872,8.719999999999859,0.9921246837775813
873,8.729999999999858,0.9921670700819102
874,8.739999999999858,0.9922092278900169
875,8.749999999999858,0.9922511584370152
876,8.759999999999858,0.992292862951312
877,8.769999999999857,0.9923343426546437
878,8.779999999999857,0.9923755987621123
879,8.789999999999857,0.9924166324822226
880,8.799999999999857,0.9924574450169171
881,8.809999999999857,0.9924980375616133
882,8.819999999999856,0.9925384113052382
883,8.829999999999856,0.9925785674302647
884,8.839999999999856,0.9926185071127464
885,8.849999999999856,0.9926582315223527
886,8.859999999999856,0.9926977418224039
887,8.869999999999855,0.9927370391699062
888,8.879999999999855,0.9927761247155859
889,8.889999999999855,0.9928149996039232
890,8.899999999999855,0.9928536649731877
891,8.909999999999854,0.9928921219554713
892,8.919999999999854,0.9929303716767222
893,8.929999999999854,0.9929684152567786
894,8.939999999999854,0.9930062538094023
895,8.949999999999854,0.9930438884423116
896,8.959999999999853,0.9930813202572143
897,8.969999999999853,0.9931185503498409
898,8.979999999999853,0.9931555798099767
899,8.989999999999853,0.9931924097214953
900,8.999999999999853,0.9932290411623895
901,9.009999999999852,0.9932654752048049
902,9.019999999999852,0.9933017129150706
903,9.029999999999852,0.993337755353732
904,9.039999999999852,0.9933736035755815
905,9.049999999999851,0.9934092586296904
906,9.059999999999851,0.9934447215594406
907,9.069999999999851,0.9934799934025546
908,9.07999999999985,0.9935150751911273
909,9.08999999999985,0.9935499679516562
910,9.09999999999985,0.9935846727050724
911,9.10999999999985,0.993619190466771
912,9.11999999999985,0.9936535222466406
913,9.12999999999985,0.9936876690490943
914,9.13999999999985,0.9937216318730989
915,9.14999999999985,0.9937554117122052
916,9.15999999999985,0.9937890095545769
917,9.169999999999849,0.993822426383021
918,9.179999999999849,0.9938556631750157
919,9.189999999999849,0.9938887209027408
920,9.199999999999848,0.9939216005331056
921,9.209999999999848,0.9939543030277784
922,9.219999999999848,0.9939868293432147
923,9.229999999999848,0.9940191804306856
924,9.239999999999847,0.9940513572363062
925,9.249999999999847,0.9940833607010642
926,9.259999999999847,0.9941151917608467
927,9.269999999999847,0.9941468513464693
928,9.279999999999847,0.9941783403837031
929,9.289999999999846,0.9942096597933022
930,9.299999999999846,0.9942408104910312
931,9.309999999999846,0.9942717933876924
932,9.319999999999846,0.994302609389153
933,9.329999999999846,0.9943332593963717
934,9.339999999999845,0.9943637443054258
935,9.349999999999845,0.9943940650075375
936,9.359999999999845,0.9944242223891004
937,9.369999999999845,0.9944542173317065
938,9.379999999999844,0.9944840507121712
939,9.389999999999844,0.9945137234025602
940,9.399999999999844,0.9945432362702151
941,9.409999999999844,0.9945725901777795
942,9.419999999999844,0.9946017859832239
943,9.429999999999843,0.9946308245398716
944,9.439999999999843,0.9946597066964245
945,9.449999999999843,0.994688433296987
946,9.459999999999843,0.9947170051810923
947,9.469999999999843,0.9947454231837269
948,9.479999999999842,0.9947736881353553
949,9.489999999999842,0.9948018008619441
950,9.499999999999842,0.9948297621849879
951,9.509999999999842,0.9948575729215321
952,9.519999999999841,0.9948852338841983
953,9.529999999999841,0.9949127458812076
954,9.539999999999841,0.994940109716405
955,9.54999999999984,0.9949673261892834
956,9.55999999999984,0.9949943960950067
957,9.56999999999984,0.995021320224434
958,9.57999999999984,0.9950480993641424
959,9.58999999999984,0.9950747342964509
960,9.59999999999984,0.9951012257994434
961,9.60999999999984,0.9951275746469915
962,9.61999999999984,0.995153781608778
963,9.62999999999984,0.9951798474503188
964,9.639999999999839,0.9952057729329867
965,9.649999999999839,0.995231558814033
966,9.659999999999838,0.9952572058466104
967,9.669999999999838,0.9952827147797952
968,9.679999999999838,0.9953080863586098
969,9.689999999999838,0.9953333213240438
970,9.699999999999838,0.9953584204130773
971,9.709999999999837,0.9953833843587018
972,9.719999999999837,0.9954082138899418
973,9.729999999999837,0.9954329097318771
974,9.739999999999837,0.995457472605664
975,9.749999999999837,0.9954819032285559
976,9.759999999999836,0.9955062023139258
977,9.769999999999836,0.9955303705712865
978,9.779999999999836,0.9955544087063116
979,9.789999999999836,0.9955783174208571
980,9.799999999999836,0.9956020974129816
981,9.809999999999835,0.9956257493769667
982,9.819999999999835,0.9956492740033382
983,9.829999999999835,0.9956726719788864
984,9.839999999999835,0.9956959439866859
985,9.849999999999834,0.9957190907061163
986,9.859999999999834,0.995742112812882
987,9.869999999999834,0.9957650109790325
988,9.879999999999834,0.9957877858729819
989,9.889999999999834,0.9958104381595291
990,9.899999999999833,0.9958329684998768
991,9.909999999999833,0.995855377551652
992,9.919999999999833,0.9958776659689245
993,9.929999999999833,0.9958998344022265
994,9.939999999999833,0.9959218834985725
995,9.949999999999832,0.9959438139014773
996,9.959999999999832,0.9959656262509761
997,9.969999999999832,0.9959873211836423
998,9.979999999999832,0.9960088993326076
999,9.989999999999831,0.9960303613275795
1000,9.999999999999831,0.9960517077948605
1001,10.009999999999831,0.9960729393573667
1002,10.01999999999983,0.9960940566346461
1003,10.02999999999983,0.9961150602428965
1004,10.03999999999983,0.9961359507949843
1005,10.04999999999983,0.9961567289004621
1006,10.05999999999983,0.9961773951655871
1007,10.06999999999983,0.9961979501933387
1008,10.07999999999983,0.9962183945834366
1009,10.08999999999983,0.9962387289323582
1010,10.09999999999983,0.9962589538333563
1011,10.109999999999829,0.9962790698764767
1012,10.119999999999829,0.9962990776485757
1013,10.129999999999828,0.9963189777333372
1014,10.139999999999828,0.9963387707112901
1015,10.149999999999828,0.996358457159825
1016,10.159999999999828,0.9963780376532121
1017,10.169999999999828,0.9963975127626173
1018,10.179999999999827,0.9964168830561195
1019,10.189999999999827,0.9964361490987275
1020,10.199999999999827,0.9964553114523957
1021,10.209999999999827,0.9964743706760424
1022,10.219999999999827,0.9964933273255644
1023,10.229999999999826,0.9965121819538548
1024,10.239999999999826,0.9965309351108186
1025,10.249999999999826,0.9965495873433892
1026,10.259999999999826,0.9965681391955443
1027,10.269999999999825,0.9965865912083223
1028,10.279999999999825,0.9966049439198378
1029,10.289999999999825,0.9966231978652977
1030,10.299999999999825,0.9966413535770173
1031,10.309999999999825,0.9966594115844354
1032,10.319999999999824,0.9966773724141301
1033,10.329999999999824,0.9966952365898346
1034,10.339999999999824,0.9967130046324525
1035,10.349999999999824,0.9967306770600727
1036,10.359999999999824,0.9967482543879855
1037,10.369999999999823,0.9967657371286973
1038,10.379999999999823,0.9967831257919453
1039,10.389999999999823,0.9968004208847135
1040,10.399999999999823,0.9968176229112469
1041,10.409999999999823,0.9968347323730664
1042,10.419999999999822,0.9968517497689839
1043,10.429999999999822,0.996868675595117
1044,10.439999999999822,0.9968855103449032
1045,10.449999999999822,0.9969022545091148
1046,10.459999999999821,0.9969189085758731
1047,10.469999999999821,0.996935473030663
1048,10.479999999999821,0.9969519483563473
1049,10.48999999999982,0.9969683350331806
1050,10.49999999999982,0.9969846335388239
1051,10.50999999999982,0.9970008443483585
1052,10.51999999999982,0.9970169679342994
1053,10.52999999999982,0.9970330047666105
1054,10.53999999999982,0.997048955312717
1055,10.54999999999982,0.9970648200375203
1056,10.55999999999982,0.9970805994034109
1057,10.569999999999819,0.9970962938702825
1058,10.579999999999819,0.9971119038955454
1059,10.589999999999819,0.9971274299341397
1060,10.599999999999818,0.9971428724385492
1061,10.609999999999818,0.9971582318588141
1062,10.619999999999818,0.9971735086425448
1063,10.629999999999818,0.997188703234935
1064,10.639999999999818,0.9972038160787743
1065,10.649999999999817,0.9972188476144617
1066,10.659999999999817,0.9972337982800183
1067,10.669999999999817,0.9972486685111007
1068,10.679999999999817,0.9972634587410131
1069,10.689999999999817,0.9972781694007204
1070,10.699999999999816,0.9972928009188609
1071,10.709999999999816,0.9973073537217588
1072,10.719999999999816,0.997321828233437
1073,10.729999999999816,0.997336224875629
1074,10.739999999999815,0.9973505440677921
1075,10.749999999999815,0.9973647862271189
1076,10.759999999999815,0.9973789517685503
1077,10.769999999999815,0.997393041104787
1078,10.779999999999815,0.9974070546463024
1079,10.789999999999814,0.997420992801354
1080,10.799999999999814,0.9974348559759957
1081,10.809999999999814,0.9974486445740898
1082,10.819999999999814,0.9974623589973188
1083,10.829999999999814,0.997475999645197
1084,10.839999999999813,0.9974895669150826
1085,10.849999999999813,0.9975030612021892
1086,10.859999999999813,0.9975164828995973
1087,10.869999999999813,0.9975298323982661
1088,10.879999999999812,0.9975431100870447
1089,10.889999999999812,0.9975563163526838
1090,10.899999999999812,0.997569451579847
1091,10.909999999999812,0.997582516151122
1092,10.919999999999812,0.9975955104470319
1093,10.929999999999811,0.9976084348460462
1094,10.939999999999811,0.9976212897245925
1095,10.949999999999811,0.9976340754570666
1096,10.95999999999981,0.9976467924158444
1097,10.96999999999981,0.9976594409712926
1098,10.97999999999981,0.997672021491779
1099,10.98999999999981,0.9976845343436843
1100,10.99999999999981,0.9976969798914119
1101,11.00999999999981,0.9977093584973993
1102,11.01999999999981,0.9977216705221285
1103,11.02999999999981,0.9977339163241362
1104,11.039999999999809,0.9977460962600252
1105,11.049999999999809,0.9977582106844741
1106,11.059999999999809,0.997770259950248
1107,11.069999999999808,0.997782244408209
1108,11.079999999999808,0.9977941644073258
1109,11.089999999999808,0.9978060202946852
1110,11.099999999999808,0.9978178124155012
1111,11.109999999999808,0.9978295411131254
1112,11.119999999999807,0.9978412067290573
1113,11.129999999999807,0.9978528096029543
1114,11.139999999999807,0.9978643500726415
1115,11.149999999999807,0.9978758284741217
1116,11.159999999999807,0.9978872451415851
1117,11.169999999999806,0.9978986004074195
1118,11.179999999999806,0.9979098946022195
1119,11.189999999999806,0.9979211280547967
1120,11.199999999999806,0.9979323010921893
1121,11.209999999999805,0.9979434140396712
1122,11.219999999999805,0.9979544672207623
1123,11.229999999999805,0.997965460957237
1124,11.239999999999805,0.9979763955691349
1125,11.249999999999805,0.997987271374769
1126,11.259999999999804,0.9979980886907356
1127,11.269999999999804,0.998008847831924
1128,11.279999999999804,0.9980195491115247
1129,11.289999999999804,0.9980301928410393
1130,11.299999999999804,0.9980407793302899
1131,11.309999999999803,0.9980513088874272
1132,11.319999999999803,0.9980617818189403
1133,11.329999999999803,0.9980721984296659
1134,11.339999999999803,0.9980825590227961
1135,11.349999999999802,0.9980928638998887
1136,11.359999999999802,0.998103113360875
1137,11.369999999999802,0.998113307704069
1138,11.379999999999802,0.9981234472261764
1139,11.389999999999802,0.9981335322223026
1140,11.399999999999801,0.998143562985962
1141,11.409999999999801,0.9981535398090863
1142,11.419999999999801,0.9981634629820331
1143,11.4299999999998,0.9981733327935944
1144,11.4399999999998,0.9981831495310054
1145,11.4499999999998,0.9981929134799523
1146,11.4599999999998,0.9982026249245809
1147,11.4699999999998,0.9982122841475054
1148,11.4799999999998,0.9982218914298159
1149,11.4899999999998,0.9982314470510874
1150,11.4999999999998,0.9982409512893873
1151,11.509999999999799,0.9982504044212841
1152,11.519999999999799,0.9982598067218551
1153,11.529999999999799,0.998269158464695
1154,11.539999999999798,0.9982784599219231
1155,11.549999999999798,0.998287711364192
1156,11.559999999999798,0.9982969130606952
1157,11.569999999999798,0.998306065279175
1158,11.579999999999798,0.9983151682859305
1159,11.589999999999797,0.9983242223458252
1160,11.599999999999797,0.9983332277222947
1161,11.609999999999797,0.998342184677355
1162,11.619999999999797,0.9983510934716093
1163,11.629999999999797,0.9983599543642563
1164,11.639999999999796,0.9983687676130975
1165,11.649999999999796,0.9983775334745447
1166,11.659999999999796,0.9983862522036279
1167,11.669999999999796,0.9983949240540022
1168,11.679999999999795,0.9984035492779557
1169,11.689999999999795,0.9984121281264168
1170,11.699999999999795,0.998420660848961
1171,11.709999999999795,0.9984291476938191
1172,11.719999999999795,0.9984375889078839
1173,11.729999999999794,0.9984459847367178
1174,11.739999999999794,0.998454335424559
1175,11.749999999999794,0.9984626412143303
1176,11.759999999999794,0.9984709023476447
1177,11.769999999999794,0.9984791190648132
1178,11.779999999999793,0.9984872916048522
1179,11.789999999999793,0.9984954202054892
1180,11.799999999999793,0.9985035051031712
1181,11.809999999999793,0.9985115465330707
1182,11.819999999999792,0.9985195447290931
1183,11.829999999999792,0.9985274999238829
1184,11.839999999999792,0.9985354123488314
1185,11.849999999999792,0.9985432822340827
1186,11.859999999999792,0.998551109808541
1187,11.869999999999791,0.9985588952998767
1188,11.879999999999791,0.9985666389345337
1189,11.889999999999791,0.9985743409377356
1190,11.89999999999979,0.9985820015334922
1191,11.90999999999979,0.9985896209446067
1192,11.91999999999979,0.9985971993926815
1193,11.92999999999979,0.9986047370981251
1194,11.93999999999979,0.9986122342801582
1195,11.94999999999979,0.9986196911568206
1196,11.95999999999979,0.9986271079449772
1197,11.96999999999979,0.9986344848603245
1198,11.979999999999789,0.9986418221173966
1199,11.989999999999789,0.9986491199295722
1200,11.999999999999789,0.9986563785090801
1201,12.009999999999788,0.9986635980670056
1202,12.019999999999788,0.9986707788132969
1203,12.029999999999788,0.9986779209567713
1204,12.039999999999788,0.9986850247051208
1205,12.049999999999788,0.9986920902649185
1206,12.059999999999787,0.9986991178416248
1207,12.069999999999787,0.9987061076395931
1208,12.079999999999787,0.9987130598620761
1209,12.089999999999787,0.9987199747112313
1210,12.099999999999786,0.9987268523881274
1211,12.109999999999786,0.9987336930927497
1212,12.119999999999786,0.9987404970240066
1213,12.129999999999786,0.9987472643797343
1214,12.139999999999786,0.9987539953567041
1215,12.149999999999785,0.9987606901506267
1216,12.159999999999785,0.9987673489561592
1217,12.169999999999785,0.9987739719669094
1218,12.179999999999785,0.998780559375443
1219,12.189999999999785,0.9987871113732878
1220,12.199999999999784,0.9987936281509403
1221,12.209999999999784,0.9988001098978708
1222,12.219999999999784,0.9988065568025292
1223,12.229999999999784,0.9988129690523502
1224,12.239999999999783,0.9988193468337588
1225,12.249999999999783,0.9988256903321764
1226,12.259999999999783,0.9988319997320252
1227,12.269999999999783,0.9988382752167343
1228,12.279999999999783,0.9988445169687448
1229,12.289999999999782,0.9988507251695153
1230,12.299999999999782,0.9988568999995271
1231,12.309999999999782,0.9988630416382893
1232,12.319999999999782,0.9988691502643443
1233,12.329999999999782,0.998875226055273
1234,12.339999999999781,0.9988812691876998
1235,12.349999999999781,0.9988872798372981
1236,12.359999999999781,0.9988932581787948
1237,12.36999999999978,0.9988992043859763
1238,12.37999999999978,0.9989051186316927
1239,12.38999999999978,0.9989110010878637
1240,12.39999999999978,0.9989168519254825
1241,12.40999999999978,0.9989226713146222
1242,12.41999999999978,0.9989284594244394
1243,12.42999999999978,0.9989342164231804
1244,12.43999999999978,0.9989399424781847
1245,12.449999999999779,0.9989456377558916
1246,12.459999999999779,0.9989513024218434
1247,12.469999999999779,0.9989569366406912
1248,12.479999999999778,0.9989625405761996
1249,12.489999999999778,0.9989681143912513
1250,12.499999999999778,0.998973658247852
1251,12.509999999999778,0.998979172307135
1252,12.519999999999778,0.9989846567293656
1253,12.529999999999777,0.9989901116739468
1254,12.539999999999777,0.9989955372994229
1255,12.549999999999777,0.9990009337634845
1256,12.559999999999777,0.9990063012229734
1257,12.569999999999776,0.9990116398338867
1258,12.579999999999776,0.9990169497513816
1259,12.589999999999776,0.9990222311297798
1260,12.599999999999776,0.9990274841225724
1261,12.609999999999776,0.9990327088824238
1262,12.619999999999775,0.9990379055611766
1263,12.629999999999775,0.9990430743098558
1264,12.639999999999775,0.9990482152786734
1265,12.649999999999775,0.9990533286170323
1266,12.659999999999775,0.9990584144735317
1267,12.669999999999774,0.9990634729959703
1268,12.679999999999774,0.999068504331351
1269,12.689999999999774,0.9990735086258856
1270,12.699999999999774,0.9990784860249986
1271,12.709999999999773,0.9990834366733315
1272,12.719999999999773,0.9990883607147474
1273,12.729999999999773,0.9990932582923345
1274,12.739999999999773,0.9990981295484112
1275,12.749999999999773,0.999102974624529
1276,12.759999999999772,0.9991077936614784
1277,12.769999999999772,0.9991125867992909
1278,12.779999999999772,0.9991173541772451
1279,12.789999999999772,0.9991220959338692
1280,12.799999999999772,0.999126812206946
1281,12.809999999999771,0.9991315031335164
1282,12.819999999999771,0.9991361688498839
1283,12.829999999999771,0.9991408094916179
1284,12.83999999999977,0.9991454251935582
1285,12.84999999999977,0.9991500160898189
1286,12.85999999999977,0.9991545823137921
1287,12.86999999999977,0.9991591239981517
1288,12.87999999999977,0.9991636412748576
1289,12.88999999999977,0.9991681342751595
1290,12.89999999999977,0.9991726031296004
1291,12.90999999999977,0.999177047968021
1292,12.919999999999769,0.9991814689195624
1293,12.929999999999769,0.9991858661126715
1294,12.939999999999769,0.9991902396751031
1295,12.949999999999768,0.9991945897339248
1296,12.959999999999768,0.99919891641552
1297,12.969999999999768,0.9992032198455922
1298,12.979999999999768,0.999207500149168
1299,12.989999999999768,0.9992117574506012
1300,12.999999999999767,0.9992159918735763
1301,13.009999999999767,0.9992202035411121
1302,13.019999999999767,0.9992243925755652
1303,13.029999999999767,0.9992285590986338
1304,13.039999999999766,0.9992327032313612
1305,13.049999999999766,0.999236825094139
1306,13.059999999999766,0.999240924806711
1307,13.069999999999766,0.9992450024881766
1308,13.079999999999766,0.9992490582569941
1309,13.089999999999765,0.9992530922309844
1310,13.099999999999765,0.9992571045273341
1311,13.109999999999765,0.9992610952625993
1312,13.119999999999765,0.9992650645527091
1313,13.129999999999765,0.9992690125129682
1314,13.139999999999764,0.9992729392580609
1315,13.149999999999764,0.9992768449020546
1316,13.159999999999764,0.9992807295584026
1317,13.169999999999764,0.9992845933399478
1318,13.179999999999763,0.9992884363589257
1319,13.189999999999763,0.9992922587269679
1320,13.199999999999763,0.9992960605551052
1321,13.209999999999763,0.9992998419537711
1322,13.219999999999763,0.9993036030328046
1323,13.229999999999762,0.9993073439014537
1324,13.239999999999762,0.9993110646683786
1325,13.249999999999762,0.9993147654416548
1326,13.259999999999762,0.999318446328776
1327,13.269999999999762,0.9993221074366577
1328,13.279999999999761,0.9993257488716402
1329,13.289999999999761,0.9993293707394911
1330,13.299999999999761,0.9993329731454094
1331,13.30999999999976,0.9993365561940278
1332,13.31999999999976,0.999340119989416
1333,13.32999999999976,0.9993436646350836
1334,13.33999999999976,0.9993471902339836
1335,13.34999999999976,0.9993506968885146
1336,13.35999999999976,0.9993541847005245
1337,13.36999999999976,0.9993576537713132
1338,13.37999999999976,0.9993611042016354
1339,13.389999999999759,0.9993645360917037
1340,13.399999999999759,0.9993679495411917
1341,13.409999999999759,0.9993713446492364
1342,13.419999999999758,0.9993747215144416
1343,13.429999999999758,0.9993780802348806
1344,13.439999999999758,0.999381420908099
1345,13.449999999999758,0.9993847436311174
1346,13.459999999999757,0.9993880485004347
1347,13.469999999999757,0.9993913356120303
1348,13.479999999999757,0.9993946050613673
1349,13.489999999999757,0.9993978569433956
1350,13.499999999999757,0.9994010913525535
1351,13.509999999999756,0.9994043083827718
1352,13.519999999999756,0.9994075081274758
1353,13.529999999999756,0.999410690679588
1354,13.539999999999756,0.9994138561315312
1355,13.549999999999756,0.999417004575231
1356,13.559999999999755,0.999420136102118
1357,13.569999999999755,0.9994232508031315
1358,13.579999999999755,0.9994263487687214
1359,13.589999999999755,0.9994294300888507
1360,13.599999999999755,0.9994324948529986
1361,13.609999999999754,0.999435543150163
1362,13.619999999999754,0.9994385750688631
1363,13.629999999999754,0.9994415906971416
1364,13.639999999999754,0.9994445901225678
1365,13.649999999999753,0.9994475734322398
1366,13.659999999999753,0.9994505407127873
1367,13.669999999999753,0.9994534920503737
1368,13.679999999999753,0.9994564275306992
1369,13.689999999999753,0.9994593472390028
1370,13.699999999999752,0.9994622512600648
1371,13.709999999999752,0.99946513967821
1372,13.719999999999752,0.999468012577309
1373,13.729999999999752,0.9994708700407814
1374,13.739999999999752,0.9994737121515983
1375,13.749999999999751,0.9994765389922842
1376,13.759999999999751,0.9994793506449198
1377,13.76999999999975,0.9994821471911443
1378,13.77999999999975,0.9994849287121575
1379,13.78999999999975,0.999487695288723
1380,13.79999999999975,0.9994904470011694
1381,13.80999999999975,0.9994931839293933
1382,13.81999999999975,0.9994959061528619
1383,13.82999999999975,0.9994986137506144
1384,13.83999999999975,0.9995013068012654
1385,13.84999999999975,0.9995039853830063
1386,13.859999999999749,0.999506649573608
1387,13.869999999999749,0.9995092994504231
1388,13.879999999999749,0.9995119350903882
1389,13.889999999999748,0.9995145565700259
1390,13.899999999999748,0.9995171639654473
1391,13.909999999999748,0.9995197573523543
1392,13.919999999999748,0.9995223368060413
1393,13.929999999999747,0.999524902401398
1394,13.939999999999747,0.9995274542129111
1395,13.949999999999747,0.9995299923146669
1396,13.959999999999747,0.9995325167803528
1397,13.969999999999747,0.9995350276832603
1398,13.979999999999746,0.9995375250962867
1399,13.989999999999746,0.9995400090919367
1400,13.999999999999746,0.9995424797423259
1401,14.009999999999746,0.9995449371191811
1402,14.019999999999746,0.9995473812938441
1403,14.029999999999745,0.9995498123372727
1404,14.039999999999745,0.9995522303200428
1405,14.049999999999745,0.9995546353123511
1406,14.059999999999745,0.9995570273840167
1407,14.069999999999744,0.9995594066044832
1408,14.079999999999744,0.9995617730428206
1409,14.089999999999744,0.9995641267677274
1410,14.099999999999744,0.9995664678475329
1411,14.109999999999744,0.9995687963501987
1412,14.119999999999743,0.999571112343321
1413,14.129999999999743,0.9995734158941324
1414,14.139999999999743,0.9995757070695039
1415,14.149999999999743,0.999577985935947
1416,14.159999999999743,0.9995802525596155
1417,14.169999999999742,0.9995825070063071
1418,14.179999999999742,0.9995847493414663
1419,14.189999999999742,0.9995869796301851
1420,14.199999999999742,0.9995891979372055
1421,14.209999999999742,0.9995914043269215
1422,14.219999999999741,0.999593598863381
1423,14.229999999999741,0.9995957816102868
1424,14.23999999999974,0.999597952631
1425,14.24999999999974,0.9996001119885403
1426,14.25999999999974,0.9996022597455887
1427,14.26999999999974,0.9996043959644894
1428,14.27999999999974,0.9996065207072508
1429,14.28999999999974,0.9996086340355482
1430,14.29999999999974,0.9996107360107254
1431,14.30999999999974,0.9996128266937959
1432,14.31999999999974,0.9996149061454455
1433,14.329999999999739,0.9996169744260333
1434,14.339999999999739,0.9996190315955941
1435,14.349999999999739,0.9996210777138398
1436,14.359999999999738,0.9996231128401611
1437,14.369999999999738,0.9996251370336297
1438,14.379999999999738,0.9996271503529991
1439,14.389999999999738,0.9996291528567074
1440,14.399999999999737,0.9996311446028779
1441,14.409999999999737,0.999633125649322
1442,14.419999999999737,0.99963509605354
1443,14.429999999999737,0.9996370558727224
1444,14.439999999999737,0.9996390051637534
1445,14.449999999999736,0.9996409439832101
1446,14.459999999999736,0.9996428723873663
1447,14.469999999999736,0.9996447904321927
1448,14.479999999999736,0.999646698173359
1449,14.489999999999736,0.9996485956662362
1450,14.499999999999735,0.9996504829658968
1451,14.509999999999735,0.9996523601271176
1452,14.519999999999735,0.9996542272043808
1453,14.529999999999735,0.9996560842518757
1454,14.539999999999734,0.9996579313235
1455,14.549999999999734,0.999659768472862
1456,14.559999999999734,0.9996615957532814
1457,14.569999999999734,0.9996634132177913
1458,14.579999999999734,0.9996652209191399
1459,14.589999999999733,0.9996670189097914
1460,14.599999999999733,0.9996688072419283
1461,14.609999999999733,0.9996705859674522
1462,14.619999999999733,0.9996723551379858
1463,14.629999999999733,0.9996741148048743
1464,14.639999999999732,0.9996758650191868
1465,14.649999999999732,0.9996776058317177
1466,14.659999999999732,0.9996793372929884
1467,14.669999999999732,0.9996810594532489
1468,14.679999999999731,0.9996827723624785
1469,14.689999999999731,0.9996844760703884
1470,14.699999999999731,0.999686170626422
1471,14.70999999999973,0.9996878560797571
1472,14.71999999999973,0.9996895324793071
1473,14.72999999999973,0.9996911998737227
1474,14.73999999999973,0.9996928583113925
1475,14.74999999999973,0.9996945078404453
1476,14.75999999999973,0.9996961485087511
1477,14.76999999999973,0.9996977803639224
1478,14.77999999999973,0.9996994034533159
1479,14.78999999999973,0.9997010178240336
1480,14.799999999999729,0.9997026235229243
1481,14.809999999999729,0.999704220596585
1482,14.819999999999729,0.9997058090913621
1483,14.829999999999728,0.9997073890533527
1484,14.839999999999728,0.9997089605284064
1485,14.849999999999728,0.9997105235621262
1486,14.859999999999728,0.9997120781998697
1487,14.869999999999727,0.999713624486751
1488,14.879999999999727,0.9997151624676415
1489,14.889999999999727,0.9997166921871712
1490,14.899999999999727,0.9997182136897306
1491,14.909999999999727,0.9997197270194712
1492,14.919999999999726,0.9997212322203072
1493,14.929999999999726,0.9997227293359169
1494,14.939999999999726,0.9997242184097437
1495,14.949999999999726,0.9997256994849972
1496,14.959999999999726,0.9997271726046553
1497,14.969999999999725,0.9997286378114643
1498,14.979999999999725,0.9997300951479408
1499,14.989999999999725,0.9997315446563732
1500,14.999999999999725,0.9997329863788222
1501,15.009999999999724,0.9997344203571226
1502,15.019999999999724,0.9997358466328841
1503,15.029999999999724,0.999737265247493
1504,15.039999999999724,0.9997386762421129
1505,15.049999999999724,0.9997400796576862
1506,15.059999999999723,0.9997414755349352
1507,15.069999999999723,0.9997428639143634
1508,15.079999999999723,0.9997442448362563
1509,15.089999999999723,0.9997456183406833
1510,15.099999999999723,0.9997469844674979
1511,15.109999999999722,0.9997483432563397
1512,15.119999999999722,0.999749694746635
1513,15.129999999999722,0.9997510389775984
1514,15.139999999999722,0.9997523759882336
1515,15.149999999999721,0.9997537058173346
1516,15.159999999999721,0.9997550285034869
1517,15.169999999999721,0.9997563440850685
1518,15.17999999999972,0.9997576526002514
1519,15.18999999999972,0.9997589540870021
1520,15.19999999999972,0.9997602485830832
1521,15.20999999999972,0.9997615361260541
1522,15.21999999999972,0.9997628167532726
1523,15.22999999999972,0.9997640905018954
1524,15.23999999999972,0.9997653574088798
1525,15.24999999999972,0.9997666175109843
1526,15.25999999999972,0.9997678708447697
1527,15.269999999999719,0.9997691174466004
1528,15.279999999999719,0.9997703573526452
1529,15.289999999999718,0.9997715905988788
1530,15.299999999999718,0.9997728172210821
1531,15.309999999999718,0.9997740372548442
1532,15.319999999999718,0.9997752507355625
1533,15.329999999999718,0.9997764576984441
1534,15.339999999999717,0.9997776581785074
1535,15.349999999999717,0.9997788522105818
1536,15.359999999999717,0.9997800398293102
1537,15.369999999999717,0.9997812210691488
1538,15.379999999999717,0.9997823959643689
1539,15.389999999999716,0.9997835645490575
1540,15.399999999999716,0.9997847268571182
1541,15.409999999999716,0.9997858829222728
1542,15.419999999999716,0.9997870327780614
1543,15.429999999999715,0.9997881764578441
1544,15.439999999999715,0.9997893139948018
1545,15.449999999999715,0.9997904454219366
1546,15.459999999999715,0.9997915707720738
1547,15.469999999999715,0.9997926900778618
1548,15.479999999999714,0.9997938033717736
1549,15.489999999999714,0.999794910686108
1550,15.499999999999714,0.99979601205299
1551,15.509999999999714,0.9997971075043718
1552,15.519999999999714,0.999798197072034
1553,15.529999999999713,0.9997992807875863
1554,15.539999999999713,0.9998003586824687
1555,15.549999999999713,0.9998014307879522
1556,15.559999999999713,0.9998024971351397
1557,15.569999999999713,0.9998035577549665
1558,15.579999999999712,0.9998046126782024
1559,15.589999999999712,0.9998056619354513
1560,15.599999999999712,0.9998067055571528
1561,15.609999999999712,0.9998077435735828
1562,15.619999999999711,0.9998087760148547
1563,15.629999999999711,0.9998098029109198
1564,15.639999999999711,0.9998108242915686
1565,15.64999999999971,0.9998118401864314
1566,15.65999999999971,0.9998128506249795
1567,15.66999999999971,0.9998138556365253
1568,15.67999999999971,0.9998148552502241
1569,15.68999999999971,0.9998158494950744
1570,15.69999999999971,0.9998168383999188
1571,15.70999999999971,0.9998178219934449
1572,15.71999999999971,0.9998188003041864
1573,15.729999999999709,0.9998197733605231
1574,15.739999999999709,0.9998207411906828
1575,15.749999999999709,0.9998217038227412
1576,15.759999999999708,0.9998226612846234
1577,15.769999999999708,0.9998236136041043
1578,15.779999999999708,0.9998245608088097
1579,15.789999999999708,0.9998255029262165
1580,15.799999999999708,0.9998264399836546
1581,15.809999999999707,0.9998273720083064
1582,15.819999999999707,0.9998282990272085
1583,15.829999999999707,0.9998292210672522
1584,15.839999999999707,0.9998301381551844
1585,15.849999999999707,0.999831050317608
1586,15.859999999999706,0.999831957580983
1587,15.869999999999706,0.9998328599716274
1588,15.879999999999706,0.9998337575157177
1589,15.889999999999706,0.9998346502392894
1590,15.899999999999705,0.9998355381682386
1591,15.909999999999705,0.9998364213283217
1592,15.919999999999705,0.9998372997451573
1593,15.929999999999705,0.9998381734442259
1594,15.939999999999705,0.9998390424508711
1595,15.949999999999704,0.9998399067903003
1596,15.959999999999704,0.9998407664875857
1597,15.969999999999704,0.9998416215676644
1598,15.979999999999704,0.9998424720553399
1599,15.989999999999704,0.9998433179752821
1600,15.999999999999703,0.9998441593520283
1601,16.009999999999703,0.9998449962099842
1602,16.019999999999705,0.9998458285734242
1603,16.029999999999706,0.9998466564664921
1604,16.039999999999708,0.9998474799132023
1605,16.04999999999971,0.99984829893744
1606,16.05999999999971,0.9998491135629618
1607,16.069999999999713,0.9998499238133971
1608,16.079999999999714,0.9998507297122479
1609,16.089999999999716,0.9998515312828903
1610,16.099999999999717,0.9998523285485744
1611,16.10999999999972,0.9998531215324256
1612,16.11999999999972,0.9998539102574451
1613,16.129999999999722,0.9998546947465101
1614,16.139999999999723,0.9998554750223755
1615,16.149999999999725,0.9998562511076733
1616,16.159999999999727,0.9998570230249143
1617,16.169999999999728,0.9998577907964881
1618,16.17999999999973,0.9998585544446642
1619,16.18999999999973,0.9998593139915922
1620,16.199999999999733,0.999860069459303
1621,16.209999999999734,0.9998608208697086
1622,16.219999999999736,0.9998615682446038
1623,16.229999999999738,0.9998623116056661
1624,16.23999999999974,0.9998630509744564
1625,16.24999999999974,0.9998637863724198
1626,16.259999999999742,0.9998645178208861
1627,16.269999999999744,0.9998652453410709
1628,16.279999999999745,0.9998659689540752
1629,16.289999999999747,0.999866688680887
1630,16.29999999999975,0.9998674045423814
1631,16.30999999999975,0.9998681165593214
1632,16.31999999999975,0.9998688247523583
1633,16.329999999999753,0.9998695291420326
1634,16.339999999999755,0.9998702297487744
1635,16.349999999999756,0.9998709265929038
1636,16.359999999999758,0.999871619694632
1637,16.36999999999976,0.9998723090740615
1638,16.37999999999976,0.999872994751187
1639,16.389999999999763,0.9998736767458951
1640,16.399999999999764,0.9998743550779663
1641,16.409999999999766,0.9998750297670743
1642,16.419999999999767,0.9998757008327875
1643,16.42999999999977,0.9998763682945689
1644,16.43999999999977,0.999877032171777
1645,16.449999999999772,0.9998776924836662
1646,16.459999999999773,0.9998783492493875
1647,16.469999999999775,0.999879002487989
1648,16.479999999999777,0.9998796522184165
1649,16.489999999999778,0.9998802984595139
1650,16.49999999999978,0.9998809412300239
1651,16.50999999999978,0.9998815805485886
1652,16.519999999999783,0.9998822164337499
1653,16.529999999999784,0.9998828489039497
1654,16.539999999999786,0.9998834779775315
1655,16.549999999999788,0.9998841036727397
1656,16.55999999999979,0.9998847260077209
1657,16.56999999999979,0.9998853450005241
1658,16.579999999999792,0.9998859606691013
1659,16.589999999999794,0.9998865730313082
1660,16.599999999999795,0.9998871821049046
1661,16.609999999999797,0.9998877879075545
1662,16.6199999999998,0.9998883904568274
1663,16.6299999999998,0.9998889897701982
1664,16.6399999999998,0.999889585865048
1665,16.649999999999803,0.9998901787586644
1666,16.659999999999805,0.9998907684682422
1667,16.669999999999806,0.999891355010884
1668,16.679999999999808,0.9998919384036
1669,16.68999999999981,0.9998925186633095
1670,16.69999999999981,0.9998930958068408
1671,16.709999999999813,0.9998936698509315
1672,16.719999999999814,0.9998942408122297
1673,16.729999999999816,0.9998948087072936
1674,16.739999999999817,0.999895373552593
1675,16.74999999999982,0.9998959353645085
1676,16.75999999999982,0.9998964941593333
1677,16.769999999999822,0.9998970499532728
1678,16.779999999999824,0.9998976027624453
1679,16.789999999999825,0.9998981526028827
1680,16.799999999999827,0.9998986994905307
1681,16.809999999999828,0.9998992434412489
1682,16.81999999999983,0.9998997844708125
1683,16.82999999999983,0.9999003225949112
1684,16.839999999999833,0.9999008578291508
1685,16.849999999999834,0.9999013901890533
1686,16.859999999999836,0.999901919690057
1687,16.869999999999838,0.9999024463475176
1688,16.87999999999984,0.9999029701767079
1689,16.88999999999984,0.9999034911928192
1690,16.899999999999842,0.9999040094109606
1691,16.909999999999844,0.9999045248461603
1692,16.919999999999845,0.9999050375133659
1693,16.929999999999847,0.9999055474274444
1694,16.93999999999985,0.9999060546031832
1695,16.94999999999985,0.99990655905529
1696,16.95999999999985,0.9999070607983938
1697,16.969999999999853,0.9999075598470446
1698,16.979999999999855,0.9999080562157145
1699,16.989999999999856,0.999908549918798
1700,16.999999999999858,0.9999090409706118
1701,17.00999999999986,0.9999095293853961
1702,17.01999999999986,0.9999100151773145
1703,17.029999999999863,0.9999104983604543
1704,17.039999999999864,0.9999109789488273
1705,17.049999999999866,0.9999114569563702
1706,17.059999999999867,0.9999119323969443
1707,17.06999999999987,0.999912405284337
1708,17.07999999999987,0.9999128756322613
1709,17.089999999999872,0.9999133434543566
1710,17.099999999999874,0.999913808764189
1711,17.109999999999875,0.9999142715752519
1712,17.119999999999877,0.999914731900966
1713,17.129999999999878,0.99991518975468
1714,17.13999999999988,0.9999156451496707
1715,17.14999999999988,0.999916098099144
1716,17.159999999999883,0.9999165486162344
1717,17.169999999999884,0.999916996714006
1718,17.179999999999886,0.9999174424054529
1719,17.189999999999888,0.999917885703499
1720,17.19999999999989,0.9999183266209993
1721,17.20999999999989,0.9999187651707393
1722,17.219999999999892,0.999919201365436
1723,17.229999999999894,0.999919635217738
1724,17.239999999999895,0.9999200667402258
1725,17.249999999999897,0.999920495945413
1726,17.2599999999999,0.999920922845745
1727,17.2699999999999,0.9999213474536011
1728,17.2799999999999,0.9999217697812938
1729,17.289999999999903,0.9999221898410693
1730,17.299999999999905,0.9999226076451084
1731,17.309999999999906,0.9999230232055262
1732,17.319999999999908,0.9999234365343727
1733,17.32999999999991,0.9999238476436333
1734,17.33999999999991,0.999924256545229
1735,17.349999999999913,0.9999246632510166
1736,17.359999999999914,0.9999250677727894
1737,17.369999999999916,0.9999254701222774
1738,17.379999999999917,0.9999258703111472
1739,17.38999999999992,0.9999262683510031
1740,17.39999999999992,0.9999266642533868
1741,17.409999999999922,0.9999270580297784
1742,17.419999999999924,0.999927449691596
1743,17.429999999999925,0.9999278392501963
1744,17.439999999999927,0.9999282267168752
1745,17.44999999999993,0.9999286121028679
1746,17.45999999999993,0.9999289954193491
1747,17.46999999999993,0.9999293766774336
1748,17.479999999999933,0.9999297558881765
1749,17.489999999999934,0.9999301330625734
1750,17.499999999999936,0.9999305082115609
1751,17.509999999999938,0.9999308813460169
1752,17.51999999999994,0.9999312524767607
1753,17.52999999999994,0.9999316216145538
1754,17.539999999999942,0.9999319887700996
1755,17.549999999999944,0.999932353954044
1756,17.559999999999945,0.999932717176976
1757,17.569999999999947,0.9999330784494272
1758,17.57999999999995,0.9999334377818733
1759,17.58999999999995,0.999933795184733
1760,17.59999999999995,0.9999341506683698
1761,17.609999999999953,0.9999345042430909
1762,17.619999999999955,0.9999348559191485
1763,17.629999999999956,0.9999352057067394
1764,17.639999999999958,0.9999355536160061
1765,17.64999999999996,0.9999358996570361
1766,17.65999999999996,0.9999362438398631
1767,17.669999999999963,0.9999365861744667
1768,17.679999999999964,0.9999369266707729
1769,17.689999999999966,0.9999372653386545
1770,17.699999999999967,0.9999376021879312
1771,17.70999999999997,0.9999379372283699
1772,17.71999999999997,0.9999382704696851
1773,17.729999999999972,0.999938601921539
1774,17.739999999999974,0.9999389315935422
1775,17.749999999999975,0.9999392594952534
1776,17.759999999999977,0.9999395856361799
1777,17.76999999999998,0.9999399100257783
1778,17.77999999999998,0.9999402326734539
1779,17.78999999999998,0.9999405535885619
1780,17.799999999999983,0.9999408727804071
1781,17.809999999999985,0.9999411902582442
1782,17.819999999999986,0.9999415060312783
1783,17.829999999999988,0.9999418201086652
1784,17.83999999999999,0.9999421324995111
1785,17.84999999999999,0.9999424432128738
1786,17.859999999999992,0.9999427522577622
1787,17.869999999999994,0.9999430596431367
1788,17.879999999999995,0.9999433653779096
1789,17.889999999999997,0.9999436694709456
1790,17.9,0.9999439719310613
1791,17.91,0.9999442727670266
1792,17.92,0.9999445719875637
1793,17.930000000000003,0.9999448696013482
1794,17.940000000000005,0.999945165617009
1795,17.950000000000006,0.9999454600431289
1796,17.960000000000008,0.9999457528882443
1797,17.97000000000001,0.9999460441608458
1798,17.98000000000001,0.9999463338693786
1799,17.990000000000013,0.9999466220222423
1800,18.000000000000014,0.9999469086277916
1801,18.010000000000016,0.9999471936943359
1802,18.020000000000017,0.9999474772301407
1803,18.03000000000002,0.9999477592434264
1804,18.04000000000002,0.9999480397423695
1805,18.050000000000022,0.9999483187351027
1806,18.060000000000024,0.9999485962297149
1807,18.070000000000025,0.9999488722342516
1808,18.080000000000027,0.9999491467567149
1809,18.09000000000003,0.9999494198050642
1810,18.10000000000003,0.999949691387216
1811,18.11000000000003,0.9999499615110442
1812,18.120000000000033,0.9999502301843807
1813,18.130000000000035,0.999950497415015
1814,18.140000000000036,0.9999507632106949
1815,18.150000000000038,0.9999510275791265
1816,18.16000000000004,0.9999512905279747
1817,18.17000000000004,0.9999515520648631
1818,18.180000000000042,0.9999518121973744
1819,18.190000000000044,0.9999520709330504
1820,18.200000000000045,0.9999523282793927
1821,18.210000000000047,0.9999525842438624
1822,18.22000000000005,0.9999528388338804
1823,18.23000000000005,0.999953092056828
1824,18.24000000000005,0.999953343920047
1825,18.250000000000053,0.9999535944308391
1826,18.260000000000055,0.9999538435964676
1827,18.270000000000056,0.999954091424156
1828,18.280000000000058,0.9999543379210897
1829,18.29000000000006,0.9999545830944151
1830,18.30000000000006,0.9999548269512403
1831,18.310000000000063,0.9999550694986351
1832,18.320000000000064,0.9999553107436318
1833,18.330000000000066,0.9999555506932243
1834,18.340000000000067,0.9999557893543692
1835,18.35000000000007,0.9999560267339861
1836,18.36000000000007,0.9999562628389568
1837,18.370000000000072,0.9999564976761264
1838,18.380000000000074,0.9999567312523034
1839,18.390000000000075,0.9999569635742597
1840,18.400000000000077,0.9999571946487305
1841,18.41000000000008,0.999957424482415
1842,18.42000000000008,0.9999576530819767
1843,18.43000000000008,0.999957880454043
1844,18.440000000000083,0.9999581066052058
1845,18.450000000000085,0.9999583315420215
1846,18.460000000000086,0.9999585552710114
1847,18.470000000000088,0.9999587777986617
1848,18.48000000000009,0.9999589991314238
1849,18.49000000000009,0.9999592192757145
1850,18.500000000000092,0.9999594382379161
1851,18.510000000000094,0.9999596560243765
1852,18.520000000000095,0.9999598726414097
1853,18.530000000000097,0.9999600880952957
1854,18.5400000000001,0.9999603023922806
1855,18.5500000000001,0.9999605155385773
1856,18.5600000000001,0.9999607275403651
1857,18.570000000000103,0.9999609384037901
1858,18.580000000000105,0.9999611481349655
1859,18.590000000000106,0.9999613567399717
1860,18.600000000000108,0.9999615642248562
1861,18.61000000000011,0.9999617705956342
1862,18.62000000000011,0.9999619758582887
1863,18.630000000000113,0.9999621800187702
1864,18.640000000000114,0.9999623830829978
1865,18.650000000000116,0.9999625850568582
1866,18.660000000000117,0.9999627859462069
1867,18.67000000000012,0.9999629857568678
1868,18.68000000000012,0.9999631844946336
1869,18.690000000000122,0.9999633821652657
1870,18.700000000000124,0.9999635787744947
1871,18.710000000000125,0.9999637743280205
1872,18.720000000000127,0.9999639688315122
1873,18.73000000000013,0.9999641622906086
1874,18.74000000000013,0.9999643547109182
1875,18.75000000000013,0.9999645460980192
1876,18.760000000000133,0.9999647364574601
1877,18.770000000000135,0.9999649257947594
1878,18.780000000000136,0.999965114115406
1879,18.790000000000138,0.9999653014248595
1880,18.80000000000014,0.99996548772855
1881,18.81000000000014,0.9999656730318784
1882,18.820000000000142,0.9999658573402167
1883,18.830000000000144,0.9999660406589079
1884,18.840000000000146,0.9999662229932667
1885,18.850000000000147,0.9999664043485786
1886,18.86000000000015,0.9999665847301015
1887,18.87000000000015,0.9999667641430643
1888,18.88000000000015,0.9999669425926683
1889,18.890000000000153,0.9999671200840867
1890,18.900000000000155,0.999967296622465
1891,18.910000000000156,0.9999674722129209
1892,18.920000000000158,0.9999676468605448
1893,18.93000000000016,0.9999678205703997
1894,18.94000000000016,0.9999679933475214
1895,18.950000000000163,0.9999681651969186
1896,18.960000000000164,0.999968336123573
1897,18.970000000000166,0.9999685061324401
1898,18.980000000000167,0.999968675228448
1899,18.99000000000017,0.9999688434164988
1900,19.00000000000017,0.9999690107014683
1901,19.010000000000172,0.9999691770882059
1902,19.020000000000174,0.999969342581535
1903,19.030000000000175,0.9999695071862532
1904,19.040000000000177,0.9999696709071323
1905,19.05000000000018,0.9999698337489185
1906,19.06000000000018,0.9999699957163323
1907,19.07000000000018,0.9999701568140691
1908,19.080000000000183,0.9999703170467991
1909,19.090000000000185,0.9999704764191671
1910,19.100000000000186,0.9999706349357933
1911,19.110000000000188,0.999970792601273
1912,19.12000000000019,0.9999709494201766
1913,19.13000000000019,0.9999711053970503
1914,19.140000000000192,0.9999712605364155
1915,19.150000000000194,0.9999714148427697
1916,19.160000000000196,0.9999715683205861
1917,19.170000000000197,0.9999717209743137
1918,19.1800000000002,0.999971872808378
1919,19.1900000000002,0.9999720238271801
1920,19.200000000000202,0.9999721740350982
1921,19.210000000000203,0.9999723234364865
1922,19.220000000000205,0.999972472035676
1923,19.230000000000206,0.9999726198369743
1924,19.240000000000208,0.999972766844666
1925,19.25000000000021,0.9999729130630126
1926,19.26000000000021,0.999973058496253
1927,19.270000000000213,0.9999732031486028
1928,19.280000000000214,0.9999733470242556
1929,19.290000000000216,0.9999734901273817
1930,19.300000000000217,0.9999736324621298
1931,19.31000000000022,0.9999737740326258
1932,19.32000000000022,0.9999739148429735
1933,19.330000000000222,0.999974054897255
1934,19.340000000000224,0.9999741941995302
1935,19.350000000000225,0.9999743327538371
1936,19.360000000000227,0.9999744705641921
1937,19.37000000000023,0.9999746076345902
1938,19.38000000000023,0.999974743969005
1939,19.39000000000023,0.9999748795713882
1940,19.400000000000233,0.999975014445671
1941,19.410000000000235,0.999975148595763
1942,19.420000000000236,0.9999752820255529
1943,19.430000000000238,0.9999754147389086
1944,19.44000000000024,0.9999755467396773
1945,19.45000000000024,0.9999756780316853
1946,19.460000000000242,0.9999758086187386
1947,19.470000000000244,0.9999759385046226
1948,19.480000000000246,0.9999760676931024
1949,19.490000000000247,0.9999761961879229
1950,19.50000000000025,0.9999763239928089
1951,19.51000000000025,0.9999764511114652
1952,19.520000000000252,0.9999765775475766
1953,19.530000000000253,0.9999767033048084
1954,19.540000000000255,0.9999768283868058
1955,19.550000000000257,0.9999769527971948
1956,19.560000000000258,0.9999770765395816
1957,19.57000000000026,0.9999771996175533
1958,19.58000000000026,0.9999773220346776
1959,19.590000000000263,0.999977443794503
1960,19.600000000000264,0.9999775649005592
1961,19.610000000000266,0.9999776853563567
1962,19.620000000000267,0.9999778051653871
1963,19.63000000000027,0.9999779243311235
1964,19.64000000000027,0.9999780428570202
1965,19.650000000000272,0.9999781607465128
1966,19.660000000000274,0.9999782780030188
1967,19.670000000000275,0.9999783946299369
1968,19.680000000000277,0.999978510630648
1969,19.69000000000028,0.9999786260085147
1970,19.70000000000028,0.9999787407668813
1971,19.71000000000028,0.9999788549090745
1972,19.720000000000283,0.9999789684384028
1973,19.730000000000285,0.9999790813581573
1974,19.740000000000286,0.9999791936716109
1975,19.750000000000288,0.9999793053820195
1976,19.76000000000029,0.9999794164926212
1977,19.77000000000029,0.9999795270066367
1978,19.780000000000292,0.9999796369272697
1979,19.790000000000294,0.9999797462577061
1980,19.800000000000296,0.9999798550011154
1981,19.810000000000297,0.9999799631606495
1982,19.8200000000003,0.9999800707394437
1983,19.8300000000003,0.9999801777406165
1984,19.840000000000302,0.9999802841672694
1985,19.850000000000303,0.9999803900224872
1986,19.860000000000305,0.9999804953093386
1987,19.870000000000307,0.9999806000308754
1988,19.880000000000308,0.9999807041901331
1989,19.89000000000031,0.999980807790131
1990,19.90000000000031,0.9999809108338722
1991,19.910000000000313,0.9999810133243434
1992,19.920000000000314,0.9999811152645155
1993,19.930000000000316,0.9999812166573435
1994,19.940000000000317,0.9999813175057665
1995,19.95000000000032,0.9999814178127074
1996,19.96000000000032,0.9999815175810742
1997,19.970000000000322,0.9999816168137585
1998,19.980000000000324,0.9999817155136369
1999,19.990000000000325,0.9999818136835702
2000,20.000000000000327,0.9999819113264041
2001,20.01000000000033,0.999982008444969
2002,20.02000000000033,0.9999821050420798
2003,20.03000000000033,0.9999822011205367
2004,20.040000000000333,0.9999822966831245
2005,20.050000000000335,0.9999823917326133
2006,20.060000000000336,0.9999824862717582
2007,20.070000000000338,0.9999825803032996
2008,20.08000000000034,0.999982673829963
2009,20.09000000000034,0.9999827668544594
2010,20.100000000000342,0.9999828593794854
2011,20.110000000000344,0.9999829514077226
2012,20.120000000000346,0.9999830429418389
2013,20.130000000000347,0.9999831339844875
2014,20.14000000000035,0.999983224538307
2015,20.15000000000035,0.9999833146059226
2016,20.160000000000352,0.9999834041899448
2017,20.170000000000353,0.9999834932929703
2018,20.180000000000355,0.9999835819175819
2019,20.190000000000357,0.9999836700663484
2020,20.200000000000358,0.9999837577418249
2021,20.21000000000036,0.9999838449465528
2022,20.22000000000036,0.9999839316830597
2023,20.230000000000363,0.9999840179538598
2024,20.240000000000364,0.9999841037614537
2025,20.250000000000366,0.9999841891083288
2026,20.260000000000367,0.9999842739969586
2027,20.27000000000037,0.9999843584298038
2028,20.28000000000037,0.999984442409312
2029,20.290000000000372,0.999984525937917
2030,20.300000000000374,0.9999846090180401
2031,20.310000000000375,0.9999846916520896
2032,20.320000000000377,0.9999847738424604
2033,20.33000000000038,0.999984855591535
2034,20.34000000000038,0.9999849369016831
2035,20.35000000000038,0.9999850177752613
2036,20.360000000000383,0.9999850982146137
2037,20.370000000000385,0.9999851782220721
2038,20.380000000000386,0.9999852577999554
2039,20.390000000000388,0.9999853369505703
2040,20.40000000000039,0.999985415676211
2041,20.41000000000039,0.9999854939791594
2042,20.420000000000393,0.999985571861685
2043,20.430000000000394,0.9999856493260454
2044,20.440000000000396,0.9999857263744859
2045,20.450000000000397,0.9999858030092398
2046,20.4600000000004,0.9999858792325284
2047,20.4700000000004,0.999985955046561
2048,20.480000000000402,0.999986030453535
2049,20.490000000000403,0.9999861054556363
2050,20.500000000000405,0.9999861800550386
2051,20.510000000000407,0.9999862542539044
2052,20.520000000000408,0.9999863280543844
2053,20.53000000000041,0.9999864014586174
2054,20.54000000000041,0.9999864744687313
2055,20.550000000000413,0.9999865470868424
2056,20.560000000000414,0.9999866193150553
2057,20.570000000000416,0.9999866911554636
2058,20.580000000000418,0.9999867626101496
2059,20.59000000000042,0.9999868336811845
2060,20.60000000000042,0.9999869043706282
2061,20.610000000000422,0.9999869746805297
2062,20.620000000000424,0.9999870446129269
2063,20.630000000000425,0.9999871141698468
2064,20.640000000000427,0.9999871833533054
2065,20.65000000000043,0.9999872521653081
2066,20.66000000000043,0.9999873206078493
2067,20.67000000000043,0.999987388682913
2068,20.680000000000433,0.9999874563924721
2069,20.690000000000435,0.9999875237384893
2070,20.700000000000436,0.9999875907229167
2071,20.710000000000438,0.9999876573476955
2072,20.72000000000044,0.9999877236147571
2073,20.73000000000044,0.9999877895260221
2074,20.740000000000443,0.9999878550834009
2075,20.750000000000444,0.9999879202887937
2076,20.760000000000446,0.9999879851440906
2077,20.770000000000447,0.9999880496511712
2078,20.78000000000045,0.9999881138119052
2079,20.79000000000045,0.9999881776281524
2080,20.800000000000452,0.9999882411017625
2081,20.810000000000453,0.9999883042345752
2082,20.820000000000455,0.9999883670284203
2083,20.830000000000457,0.999988429485118
2084,20.840000000000458,0.9999884916064785
2085,20.85000000000046,0.9999885533943023
2086,20.86000000000046,0.9999886148503804
2087,20.870000000000463,0.999988675976494
2088,20.880000000000464,0.9999887367744148
2089,20.890000000000466,0.999988797245905
2090,20.900000000000468,0.9999888573927174
2091,20.91000000000047,0.9999889172165951
2092,20.92000000000047,0.9999889767192723
2093,20.930000000000472,0.9999890359024737
2094,20.940000000000474,0.9999890947679143
2095,20.950000000000475,0.9999891533173006
2096,20.960000000000477,0.9999892115523296
2097,20.97000000000048,0.999989269474689
2098,20.98000000000048,0.9999893270860578
2099,20.99000000000048,0.9999893843881058
2100,21.000000000000483,0.9999894413824939
2101,21.010000000000485,0.9999894980708738
2102,21.020000000000486,0.9999895544548888
2103,21.030000000000488,0.9999896105361731
2104,21.04000000000049,0.9999896663163521
2105,21.05000000000049,0.9999897217970425
2106,21.060000000000493,0.9999897769798525
2107,21.070000000000494,0.9999898318663815
2108,21.080000000000496,0.9999898864582202
2109,21.090000000000497,0.9999899407569509
2110,21.1000000000005,0.9999899947641476
2111,21.1100000000005,0.9999900484813754
2112,21.120000000000502,0.9999901019101914
2113,21.130000000000503,0.9999901550521442
2114,21.140000000000505,0.9999902079087739
2115,21.150000000000507,0.9999902604816125
2116,21.160000000000508,0.999990312772184
2117,21.17000000000051,0.9999903647820036
2118,21.18000000000051,0.9999904165125792
2119,21.190000000000513,0.9999904679654098
2120,21.200000000000514,0.9999905191419869
2121,21.210000000000516,0.9999905700437937
2122,21.220000000000518,0.9999906206723054
2123,21.23000000000052,0.9999906710289896
2124,21.24000000000052,0.9999907211153057
2125,21.250000000000522,0.9999907709327056
2126,21.260000000000524,0.999990820482633
2127,21.270000000000525,0.9999908697665241
2128,21.280000000000527,0.9999909187858071
2129,21.29000000000053,0.9999909675419032
2130,21.30000000000053,0.9999910160362252
2131,21.31000000000053,0.9999910642701788
2132,21.320000000000533,0.9999911122451619
2133,21.330000000000535,0.9999911599625649
2134,21.340000000000536,0.9999912074237711
2135,21.350000000000538,0.9999912546301558
2136,21.36000000000054,0.9999913015830875
2137,21.37000000000054,0.9999913482839268
2138,21.380000000000543,0.9999913947340273
2139,21.390000000000544,0.9999914409347354
2140,21.400000000000546,0.99999148688739
2141,21.410000000000547,0.9999915325933232
2142,21.42000000000055,0.9999915780538594
2143,21.43000000000055,0.9999916232703165
2144,21.440000000000552,0.9999916682440049
2145,21.450000000000554,0.999991712976228
2146,21.460000000000555,0.9999917574682825
2147,21.470000000000557,0.9999918017214577
2148,21.480000000000558,0.9999918457370364
2149,21.49000000000056,0.9999918895162941
2150,21.50000000000056,0.9999919330604998
2151,21.510000000000563,0.9999919763709156
2152,21.520000000000564,0.9999920194487968
2153,21.530000000000566,0.9999920622953917
2154,21.540000000000568,0.9999921049119425
2155,21.55000000000057,0.999992147299684
2156,21.56000000000057,0.9999921894598449
2157,21.570000000000572,0.9999922313936471
2158,21.580000000000574,0.9999922731023061
2159,21.590000000000575,0.9999923145870305
2160,21.600000000000577,0.9999923558490229
2161,21.61000000000058,0.999992396889479
2162,21.62000000000058,0.9999924377095885
2163,21.63000000000058,0.9999924783105343
2164,21.640000000000583,0.9999925186934933
2165,21.650000000000585,0.9999925588596357
2166,21.660000000000586,0.9999925988101258
2167,21.670000000000588,0.9999926385461214
2168,21.68000000000059,0.9999926780687743
2169,21.69000000000059,0.9999927173792299
2170,21.700000000000593,0.9999927564786276
2171,21.710000000000594,0.9999927953681005
2172,21.720000000000596,0.9999928340487757
2173,21.730000000000597,0.9999928725217745
2174,21.7400000000006,0.9999929107882117
2175,21.7500000000006,0.9999929488491965
2176,21.760000000000602,0.9999929867058321
2177,21.770000000000604,0.9999930243592156
2178,21.780000000000605,0.9999930618104382
2179,21.790000000000607,0.9999930990605855
2180,21.80000000000061,0.9999931361107371
2181,21.81000000000061,0.9999931729619668
2182,21.82000000000061,0.9999932096153425
2183,21.830000000000613,0.9999932460719267
2184,21.840000000000614,0.9999932823327761
2185,21.850000000000616,0.9999933183989413
2186,21.860000000000618,0.9999933542714678
2187,21.87000000000062,0.9999933899513954
2188,21.88000000000062,0.999993425439758
2189,21.890000000000622,0.9999934607375842
2190,21.900000000000624,0.999993495845897
2191,21.910000000000625,0.9999935307657141
2192,21.920000000000627,0.9999935654980473
2193,21.93000000000063,0.9999936000439035
2194,21.94000000000063,0.9999936344042838
2195,21.95000000000063,0.999993668580184
2196,21.960000000000633,0.9999937025725947
2197,21.970000000000635,0.999993736382501
2198,21.980000000000636,0.9999937700108829
2199,21.990000000000638,0.9999938034587149
2200,22.00000000000064,0.9999938367269665
2201,22.01000000000064,0.999993869816602
2202,22.020000000000643,0.9999939027285801
2203,22.030000000000644,0.9999939354638551
2204,22.040000000000646,0.9999939680233754
2205,22.050000000000647,0.9999940004080847
2206,22.06000000000065,0.9999940326189217
2207,22.07000000000065,0.9999940646568201
2208,22.080000000000652,0.999994096522708
2209,22.090000000000654,0.9999941282175093
2210,22.100000000000655,0.9999941597421425
2211,22.110000000000657,0.9999941910975212
2212,22.12000000000066,0.9999942222845541
2213,22.13000000000066,0.9999942533041453
2214,22.14000000000066,0.9999942841571936
2215,22.150000000000663,0.9999943148445933
2216,22.160000000000664,0.9999943453672339
2217,22.170000000000666,0.9999943757259997
2218,22.180000000000668,0.9999944059217708
2219,22.19000000000067,0.9999944359554224
2220,22.20000000000067,0.9999944658278247
2221,22.210000000000672,0.9999944955398435
2222,22.220000000000674,0.9999945250923402
2223,22.230000000000675,0.9999945544861711
2224,22.240000000000677,0.9999945837221881
2225,22.25000000000068,0.9999946128012385
2226,22.26000000000068,0.9999946417241651
2227,22.27000000000068,0.9999946704918062
2228,22.280000000000683,0.9999946991049955
2229,22.290000000000685,0.9999947275645622
2230,22.300000000000686,0.9999947558713312
2231,22.310000000000688,0.999994784026123
2232,22.32000000000069,0.9999948120297534
2233,22.33000000000069,0.9999948398830341
2234,22.340000000000693,0.9999948675867721
2235,22.350000000000694,0.9999948951417708
2236,22.360000000000696,0.9999949225488284
2237,22.370000000000697,0.9999949498087394
2238,22.3800000000007,0.9999949769222937
2239,22.3900000000007,0.9999950038902772
2240,22.400000000000702,0.9999950307134714
2241,22.410000000000704,0.9999950573926538
2242,22.420000000000705,0.9999950839285977
2243,22.430000000000707,0.9999951103220719
2244,22.44000000000071,0.9999951365738415
2245,22.45000000000071,0.9999951626846673
2246,22.46000000000071,0.999995188655306
2247,22.470000000000713,0.9999952144865104
2248,22.480000000000715,0.999995240179029
2249,22.490000000000716,0.9999952657336064
2250,22.500000000000718,0.9999952911509834
2251,22.51000000000072,0.9999953164318964
2252,22.52000000000072,0.9999953415770784
2253,22.530000000000722,0.9999953665872577
2254,22.540000000000724,0.9999953914631596
2255,22.550000000000725,0.9999954162055048
2256,22.560000000000727,0.9999954408150105
2257,22.57000000000073,0.9999954652923897
2258,22.58000000000073,0.999995489638352
2259,22.59000000000073,0.9999955138536031
2260,22.600000000000733,0.9999955379388444
2261,22.610000000000735,0.9999955618947743
2262,22.620000000000736,0.999995585722087
2263,22.630000000000738,0.9999956094214729
2264,22.64000000000074,0.999995632993619
2265,22.65000000000074,0.9999956564392085
2266,22.660000000000743,0.9999956797589207
2267,22.670000000000744,0.9999957029534315
2268,22.680000000000746,0.9999957260234134
2269,22.690000000000747,0.9999957489695346
2270,22.70000000000075,0.9999957717924602
2271,22.71000000000075,0.9999957944928519
2272,22.720000000000752,0.9999958170713674
2273,22.730000000000754,0.999995839528661
2274,22.740000000000755,0.9999958618653837
2275,22.750000000000757,0.9999958840821828
2276,22.76000000000076,0.999995906179702
2277,22.77000000000076,0.9999959281585821
2278,22.78000000000076,0.9999959500194597
2279,22.790000000000763,0.9999959717629686
2280,22.800000000000765,0.9999959933897389
2281,22.810000000000766,0.9999960149003974
2282,22.820000000000768,0.9999960362955673
2283,22.83000000000077,0.9999960575758688
2284,22.84000000000077,0.9999960787419189
2285,22.850000000000772,0.9999960997943307
2286,22.860000000000774,0.9999961207337144
2287,22.870000000000775,0.9999961415606767
2288,22.880000000000777,0.9999961622758216
2289,22.89000000000078,0.999996182879749
2290,22.90000000000078,0.9999962033730564
2291,22.91000000000078,0.9999962237563376
2292,22.920000000000783,0.9999962440301832
2293,22.930000000000785,0.9999962641951808
2294,22.940000000000786,0.999996284251915
2295,22.950000000000788,0.999996304200967
2296,22.96000000000079,0.9999963240429147
2297,22.97000000000079,0.9999963437783335
2298,22.980000000000793,0.9999963634077951
2299,22.990000000000794,0.9999963829318684
2300,23.000000000000796,0.9999964023511195
2301,23.010000000000797,0.9999964216661109
2302,23.0200000000008,0.9999964408774026
2303,23.0300000000008,0.9999964599855511
2304,23.040000000000802,0.9999964789911104
2305,23.050000000000804,0.9999964978946312
2306,23.060000000000805,0.9999965166966615
2307,23.070000000000807,0.9999965353977459
2308,23.08000000000081,0.9999965539984266
2309,23.09000000000081,0.9999965724992427
2310,23.10000000000081,0.9999965909007302
2311,23.110000000000813,0.9999966092034226
2312,23.120000000000815,0.9999966274078501
2313,23.130000000000816,0.9999966455145406
2314,23.140000000000818,0.9999966635240185
2315,23.15000000000082,0.999996681436806
2316,23.16000000000082,0.999996699253422
2317,23.170000000000822,0.9999967169743832
2318,23.180000000000824,0.9999967346002028
2319,23.190000000000826,0.9999967521313918
2320,23.200000000000827,0.9999967695684583
2321,23.21000000000083,0.9999967869119075
2322,23.22000000000083,0.9999968041622421
2323,23.23000000000083,0.9999968213199621
2324,23.240000000000833,0.9999968383855646
2325,23.250000000000835,0.9999968553595444
2326,23.260000000000836,0.9999968722423933
2327,23.270000000000838,0.9999968890346005
2328,23.28000000000084,0.9999969057366528
2329,23.29000000000084,0.999996922349034
2330,23.300000000000843,0.9999969388722258
2331,23.310000000000844,0.9999969553067071
2332,23.320000000000846,0.999996971652954
2333,23.330000000000847,0.9999969879114402
2334,23.34000000000085,0.999997004082637
2335,23.35000000000085,0.9999970201670131
2336,23.360000000000852,0.9999970361650344
2337,23.370000000000854,0.9999970520771649
2338,23.380000000000855,0.9999970679038654
2339,23.390000000000857,0.9999970836455948
2340,23.40000000000086,0.9999970993028092
2341,23.41000000000086,0.9999971148759624
2342,23.42000000000086,0.9999971303655059
2343,23.430000000000863,0.9999971457718881
2344,23.440000000000865,0.999997161095556
2345,23.450000000000866,0.9999971763369534
2346,23.460000000000868,0.9999971914965221
2347,23.47000000000087,0.9999972065747015
2348,23.48000000000087,0.9999972215719285
2349,23.490000000000872,0.9999972364886378
2350,23.500000000000874,0.9999972513252615
2351,23.510000000000876,0.9999972660822298
2352,23.520000000000877,0.9999972807599703
2353,23.53000000000088,0.9999972953589084
2354,23.54000000000088,0.999997309879467
2355,23.550000000000882,0.9999973243220672
2356,23.560000000000883,0.9999973386871274
2357,23.570000000000885,0.9999973529750639
2358,23.580000000000886,0.9999973671862907
2359,23.590000000000888,0.99999738132122
2360,23.60000000000089,0.999997395380261
2361,23.61000000000089,0.9999974093638214
2362,23.620000000000893,0.9999974232723063
2363,23.630000000000894,0.999997437106119
2364,23.640000000000896,0.9999974508656602
2365,23.650000000000897,0.9999974645513288
2366,23.6600000000009,0.9999974781635212
2367,23.6700000000009,0.9999974917026322
2368,23.680000000000902,0.999997505169054
2369,23.690000000000904,0.9999975185631768
2370,23.700000000000905,0.9999975318853888
2371,23.710000000000907,0.9999975451360762
2372,23.72000000000091,0.999997558315623
2373,23.73000000000091,0.999997571424411
2374,23.74000000000091,0.9999975844628203
2375,23.750000000000913,0.9999975974312285
2376,23.760000000000915,0.9999976103300118
2377,23.770000000000916,0.9999976231595437
2378,23.780000000000918,0.999997635920196
2379,23.79000000000092,0.9999976486123388
2380,23.80000000000092,0.9999976612363396
2381,23.810000000000922,0.9999976737925644
2382,23.820000000000924,0.9999976862813771
2383,23.830000000000926,0.9999976987031396
2384,23.840000000000927,0.999997711058212
2385,23.85000000000093,0.9999977233469521
2386,23.86000000000093,0.9999977355697163
2387,23.870000000000932,0.9999977477268586
2388,23.880000000000933,0.9999977598187315
2389,23.890000000000935,0.9999977718456853
2390,23.900000000000936,0.9999977838080686
2391,23.910000000000938,0.9999977957062282
2392,23.92000000000094,0.9999978075405086
2393,23.93000000000094,0.999997819311253
2394,23.940000000000943,0.9999978310188025
2395,23.950000000000944,0.9999978426634963
2396,23.960000000000946,0.999997854245672
2397,23.970000000000947,0.9999978657656651
2398,23.98000000000095,0.9999978772238096
2399,23.99000000000095,0.9999978886204375
2400,24.000000000000952,0.999997899955879
2401,24.010000000000954,0.9999979112304627
2402,24.020000000000955,0.9999979224445152
2403,24.030000000000957,0.9999979335983618
2404,24.04000000000096,0.9999979446923254
2405,24.05000000000096,0.9999979557267278
2406,24.06000000000096,0.9999979667018885
2407,24.070000000000963,0.9999979776181257
2408,24.080000000000965,0.9999979884757557
2409,24.090000000000966,0.9999979992750934
2410,24.100000000000968,0.9999980100164514
2411,24.11000000000097,0.9999980207001412
2412,24.12000000000097,0.9999980313264724
2413,24.130000000000972,0.9999980418957528
2414,24.140000000000974,0.999998052408289
2415,24.150000000000976,0.9999980628643854
2416,24.160000000000977,0.9999980732643451
2417,24.17000000000098,0.9999980836084695
2418,24.18000000000098,0.9999980938970584
2419,24.190000000000982,0.9999981041304099
2420,24.200000000000983,0.9999981143088206
2421,24.210000000000985,0.9999981244325854
2422,24.220000000000987,0.9999981345019978
2423,24.230000000000988,0.9999981445173497
2424,24.24000000000099,0.999998154478931
2425,24.25000000000099,0.9999981643870308
2426,24.260000000000993,0.9999981742419359
2427,24.270000000000994,0.9999981840439321
2428,24.280000000000996,0.9999981937933035
2429,24.290000000000997,0.9999982034903324
2430,24.300000000001,0.9999982131352999
2431,24.310000000001,0.9999982227284857
2432,24.320000000001002,0.9999982322701677
2433,24.330000000001004,0.9999982417606224
2434,24.340000000001005,0.9999982512001246
2435,24.350000000001007,0.9999982605889484
2436,24.36000000000101,0.9999982699273654
2437,24.37000000000101,0.9999982792156464
2438,24.38000000000101,0.9999982884540607
2439,24.390000000001013,0.9999982976428758
2440,24.400000000001015,0.9999983067823582
2441,24.410000000001016,0.9999983158727727
2442,24.420000000001018,0.9999983249143826
2443,24.43000000000102,0.99999833390745
2444,24.44000000000102,0.9999983428522357
2445,24.450000000001022,0.9999983517489986
2446,24.460000000001024,0.9999983605979967
2447,24.470000000001026,0.9999983693994866
2448,24.480000000001027,0.999998378153723
2449,24.49000000000103,0.99999838686096
2450,24.50000000000103,0.9999983955214496
2451,24.510000000001032,0.999998404135443
2452,24.520000000001033,0.9999984127031898
2453,24.530000000001035,0.9999984212249382
2454,24.540000000001037,0.9999984297009352
2455,24.550000000001038,0.9999984381314264
2456,24.56000000000104,0.9999984465166561
2457,24.57000000000104,0.9999984548568676
2458,24.580000000001043,0.9999984631523021
2459,24.590000000001044,0.9999984714032004
2460,24.600000000001046,0.9999984796098014
2461,24.610000000001047,0.999998487772343
2462,24.62000000000105,0.9999984958910617
2463,24.63000000000105,0.9999985039661929
2464,24.640000000001052,0.9999985119979705
2465,24.650000000001054,0.9999985199866273
2466,24.660000000001055,0.9999985279323947
2467,24.670000000001057,0.9999985358355032
2468,24.68000000000106,0.9999985436961818
2469,24.69000000000106,0.999998551514658
2470,24.70000000000106,0.9999985592911587
2471,24.710000000001063,0.9999985670259091
2472,24.720000000001065,0.9999985747191333
2473,24.730000000001066,0.9999985823710545
2474,24.740000000001068,0.9999985899818943
2475,24.75000000000107,0.9999985975518731
2476,24.76000000000107,0.9999986050812105
2477,24.770000000001072,0.9999986125701247
2478,24.780000000001074,0.9999986200188326
2479,24.790000000001076,0.9999986274275501
2480,24.800000000001077,0.9999986347964919
2481,24.81000000000108,0.9999986421258716
2482,24.82000000000108,0.9999986494159016
2483,24.830000000001082,0.9999986566667931
2484,24.840000000001083,0.9999986638787562
2485,24.850000000001085,0.999998671052
2486,24.860000000001087,0.9999986781867324
2487,24.870000000001088,0.99999868528316
2488,24.88000000000109,0.9999986923414887
2489,24.89000000000109,0.9999986993619229
2490,24.900000000001093,0.9999987063446659
2491,24.910000000001094,0.9999987132899204
2492,24.920000000001096,0.9999987201978874
2493,24.930000000001098,0.9999987270687671
2494,24.9400000000011,0.9999987339027587
2495,24.9500000000011,0.9999987407000603
2496,24.960000000001102,0.9999987474608688
2497,24.970000000001104,0.9999987541853802
2498,24.980000000001105,0.9999987608737892
2499,24.990000000001107,0.9999987675262899
2500,25.00000000000111,0.9999987741430748
2501,25.01000000000111,0.9999987807243358
2502,25.02000000000111,0.9999987872702637
2503,25.030000000001113,0.9999987937810481
2504,25.040000000001115,0.9999988002568776
2505,25.050000000001116,0.99999880669794
2506,25.060000000001118,0.9999988131044218
2507,25.07000000000112,0.9999988194765088
2508,25.08000000000112,0.9999988258143857
2509,25.090000000001123,0.9999988321182361
2510,25.100000000001124,0.9999988383882427
2511,25.110000000001126,0.9999988446245871
2512,25.120000000001127,0.9999988508274502
2513,25.13000000000113,0.9999988569970116
2514,25.14000000000113,0.9999988631334502
2515,25.150000000001132,0.9999988692369437
2516,25.160000000001133,0.9999988753076692
2517,25.170000000001135,0.9999988813458023
2518,25.180000000001137,0.9999988873515183
2519,25.190000000001138,0.9999988933249911
2520,25.20000000000114,0.9999988992663938
2521,25.21000000000114,0.9999989051758986
2522,25.220000000001143,0.9999989110536768
2523,25.230000000001144,0.9999989168998986
2524,25.240000000001146,0.9999989227147336
2525,25.250000000001148,0.9999989284983501
2526,25.26000000000115,0.999998934250916
2527,25.27000000000115,0.9999989399725977
2528,25.280000000001152,0.9999989456635612
2529,25.290000000001154,0.9999989513239713
2530,25.300000000001155,0.9999989569539922
2531,25.310000000001157,0.9999989625537868
2532,25.32000000000116,0.9999989681235177
2533,25.33000000000116,0.9999989736633461
2534,25.34000000000116,0.9999989791734326
2535,25.350000000001163,0.9999989846539368
2536,25.360000000001165,0.9999989901050176
2537,25.370000000001166,0.9999989955268329
2538,25.380000000001168,0.99999900091954
2539,25.39000000000117,0.999999006283295
2540,25.40000000000117,0.9999990116182533
2541,25.410000000001173,0.9999990169245696
2542,25.420000000001174,0.9999990222023978
2543,25.430000000001176,0.9999990274518906
2544,25.440000000001177,0.9999990326732002
2545,25.45000000000118,0.9999990378664781
2546,25.46000000000118,0.9999990430318746
2547,25.470000000001182,0.9999990481695393
2548,25.480000000001183,0.9999990532796215
2549,25.490000000001185,0.9999990583622688
2550,25.500000000001187,0.9999990634176287
2551,25.510000000001188,0.9999990684458477
2552,25.52000000000119,0.9999990734470716
2553,25.53000000000119,0.9999990784214452
2554,25.540000000001193,0.9999990833691127
2555,25.550000000001194,0.9999990882902176
2556,25.560000000001196,0.9999990931849022
2557,25.570000000001198,0.9999990980533087
2558,25.5800000000012,0.9999991028955779
2559,25.5900000000012,0.9999991077118503
2560,25.600000000001202,0.9999991125022655
2561,25.610000000001204,0.9999991172669621
2562,25.620000000001205,0.9999991220060783
2563,25.630000000001207,0.9999991267197516
2564,25.64000000000121,0.9999991314081184
2565,25.65000000000121,0.9999991360713145
2566,25.66000000000121,0.9999991407094754
2567,25.670000000001213,0.999999145322735
2568,25.680000000001215,0.9999991499112274
2569,25.690000000001216,0.9999991544750854
2570,25.700000000001218,0.9999991590144413
2571,25.71000000000122,0.9999991635294265
2572,25.72000000000122,0.9999991680201722
2573,25.730000000001223,0.9999991724868081
2574,25.740000000001224,0.9999991769294639
2575,25.750000000001226,0.9999991813482684
2576,25.760000000001227,0.9999991857433495
2577,25.77000000000123,0.9999991901148345
2578,25.78000000000123,0.9999991944628502
2579,25.790000000001232,0.9999991987875226
2580,25.800000000001234,0.9999992030889772
2581,25.810000000001235,0.9999992073673383
2582,25.820000000001237,0.9999992116227301
2583,25.830000000001238,0.9999992158552758
2584,25.84000000000124,0.9999992200650982
2585,25.85000000000124,0.9999992242523192
2586,25.860000000001243,0.9999992284170602
2587,25.870000000001244,0.9999992325594419
2588,25.880000000001246,0.9999992366795842
2589,25.890000000001248,0.9999992407776067
2590,25.90000000000125,0.999999244853628
2591,25.91000000000125,0.9999992489077663
2592,25.920000000001252,0.999999252940139
2593,25.930000000001254,0.999999256950863
2594,25.940000000001255,0.9999992609400546
2595,25.950000000001257,0.9999992649078293
2596,25.96000000000126,0.9999992688543022
2597,25.97000000000126,0.9999992727795876
2598,25.98000000000126,0.9999992766837992
2599,25.990000000001263,0.9999992805670501
2600,26.000000000001265,0.9999992844294531
2601,26.010000000001266,0.9999992882711198
2602,26.020000000001268,0.9999992920921618
2603,26.03000000000127,0.9999992958926895
2604,26.04000000000127,0.9999992996728134
2605,26.050000000001273,0.9999993034326429
2606,26.060000000001274,0.9999993071722868
2607,26.070000000001276,0.9999993108918538
2608,26.080000000001277,0.9999993145914513
2609,26.09000000000128,0.9999993182711868
2610,26.10000000000128,0.9999993219311669
2611,26.110000000001282,0.9999993255714975
2612,26.120000000001284,0.9999993291922843
2613,26.130000000001285,0.9999993327936322
2614,26.140000000001287,0.9999993363756453
2615,26.150000000001288,0.9999993399384277
2616,26.16000000000129,0.9999993434820825
2617,26.17000000000129,0.9999993470067126
2618,26.180000000001293,0.9999993505124197
2619,26.190000000001294,0.9999993539993058
2620,26.200000000001296,0.9999993574674718
2621,26.210000000001298,0.9999993609170182
2622,26.2200000000013,0.9999993643480451
2623,26.2300000000013,0.9999993677606517
2624,26.240000000001302,0.9999993711549371
2625,26.250000000001304,0.9999993745309994
2626,26.260000000001305,0.9999993778889367
2627,26.270000000001307,0.9999993812288462
2628,26.28000000000131,0.9999993845508247
2629,26.29000000000131,0.9999993878549684
2630,26.30000000000131,0.9999993911413732
2631,26.310000000001313,0.9999993944101342
2632,26.320000000001315,0.9999993976613462
2633,26.330000000001316,0.9999994008951034
2634,26.340000000001318,0.9999994041114995
2635,26.35000000000132,0.9999994073106276
2636,26.36000000000132,0.9999994104925807
2637,26.370000000001323,0.9999994136574507
2638,26.380000000001324,0.9999994168053294
2639,26.390000000001326,0.9999994199363083
2640,26.400000000001327,0.9999994230504776
2641,26.41000000000133,0.999999426147928
2642,26.42000000000133,0.9999994292287491
2643,26.430000000001332,0.9999994322930301
2644,26.440000000001334,0.99999943534086
2645,26.450000000001335,0.999999438372327
2646,26.460000000001337,0.9999994413875188
2647,26.47000000000134,0.9999994443865231
2648,26.48000000000134,0.9999994473694265
2649,26.49000000000134,0.9999994503363157
2650,26.500000000001343,0.9999994532872765
2651,26.510000000001344,0.9999994562223944
2652,26.520000000001346,0.9999994591417546
2653,26.530000000001348,0.9999994620454415
2654,26.54000000000135,0.9999994649335395
2655,26.55000000000135,0.9999994678061321
2656,26.560000000001352,0.9999994706633027
2657,26.570000000001354,0.999999473505134
2658,26.580000000001355,0.9999994763317083
2659,26.590000000001357,0.9999994791431076
2660,26.60000000000136,0.9999994819394133
2661,26.61000000000136,0.9999994847207065
2662,26.62000000000136,0.9999994874870678
2663,26.630000000001363,0.9999994902385773
2664,26.640000000001365,0.9999994929753148
2665,26.650000000001366,0.9999994956973596
2666,26.660000000001368,0.9999994984047904
2667,26.67000000000137,0.999999501097686
2668,26.68000000000137,0.9999995037761242
2669,26.690000000001373,0.9999995064401827
2670,26.700000000001374,0.9999995090899386
2671,26.710000000001376,0.9999995117254689
2672,26.720000000001377,0.9999995143468497
2673,26.73000000000138,0.9999995169541572
2674,26.74000000000138,0.9999995195474668
2675,26.750000000001382,0.9999995221268537
2676,26.760000000001384,0.9999995246923927
2677,26.770000000001385,0.9999995272441581
2678,26.780000000001387,0.9999995297822238
2679,26.79000000000139,0.9999995323066635
2680,26.80000000000139,0.9999995348175502
2681,26.81000000000139,0.9999995373149567
2682,26.820000000001393,0.9999995397989554
2683,26.830000000001395,0.9999995422696183
2684,26.840000000001396,0.9999995447270169
2685,26.850000000001398,0.9999995471712225
2686,26.8600000000014,0.999999549602306
2687,26.8700000000014,0.9999995520203377
2688,26.880000000001402,0.9999995544253877
2689,26.890000000001404,0.9999995568175257
2690,26.900000000001405,0.9999995591968212
2691,26.910000000001407,0.9999995615633429
2692,26.92000000000141,0.9999995639171595
2693,26.93000000000141,0.9999995662583391
2694,26.94000000000141,0.9999995685869497
2695,26.950000000001413,0.9999995709030587
2696,26.960000000001415,0.9999995732067333
2697,26.970000000001416,0.9999995754980401
2698,26.980000000001418,0.9999995777770456
2699,26.99000000000142,0.9999995800438158
2700,27.00000000000142,0.9999995822984165
2701,27.010000000001423,0.9999995845409129
2702,27.020000000001424,0.99999958677137
2703,27.030000000001426,0.9999995889898525
2704,27.040000000001427,0.9999995911964247
2705,27.05000000000143,0.9999995933911504
2706,27.06000000000143,0.9999995955740933
2707,27.070000000001432,0.9999995977453168
2708,27.080000000001434,0.9999995999048836
2709,27.090000000001435,0.9999996020528564
2710,27.100000000001437,0.9999996041892973
2711,27.11000000000144,0.9999996063142685
2712,27.12000000000144,0.9999996084278313
2713,27.13000000000144,0.999999610530047
2714,27.140000000001443,0.9999996126209766
2715,27.150000000001445,0.9999996147006807
2716,27.160000000001446,0.9999996167692194
2717,27.170000000001448,0.999999618826653
2718,27.18000000000145,0.9999996208730407
2719,27.19000000000145,0.999999622908442
2720,27.200000000001452,0.9999996249329159
2721,27.210000000001454,0.9999996269465211
2722,27.220000000001455,0.9999996289493158
2723,27.230000000001457,0.9999996309413582
2724,27.24000000000146,0.9999996329227059
2725,27.25000000000146,0.9999996348934165
2726,27.26000000000146,0.9999996368535468
2727,27.270000000001463,0.9999996388031539
2728,27.280000000001465,0.9999996407422941
2729,27.290000000001466,0.9999996426710237
2730,27.300000000001468,0.9999996445893986
2731,27.31000000000147,0.9999996464974743
2732,27.32000000000147,0.9999996483953062
2733,27.330000000001473,0.9999996502829492
2734,27.340000000001474,0.9999996521604582
2735,27.350000000001476,0.9999996540278873
2736,27.360000000001477,0.9999996558852908
2737,27.37000000000148,0.9999996577327225
2738,27.38000000000148,0.999999659570236
2739,27.390000000001482,0.9999996613978843
2740,27.400000000001484,0.9999996632157206
2741,27.410000000001485,0.9999996650237977
2742,27.420000000001487,0.9999996668221677
2743,27.43000000000149,0.9999996686108827
2744,27.44000000000149,0.9999996703899948
2745,27.45000000000149,0.9999996721595554
2746,27.460000000001493,0.9999996739196159
2747,27.470000000001495,0.9999996756702271
2748,27.480000000001496,0.9999996774114398
2749,27.490000000001498,0.9999996791433046
2750,27.5000000000015,0.9999996808658714
2751,27.5100000000015,0.9999996825791905
2752,27.520000000001502,0.9999996842833112
2753,27.530000000001504,0.999999685978283
2754,27.540000000001505,0.9999996876641551
2755,27.550000000001507,0.9999996893409764
2756,27.56000000000151,0.9999996910087953
2757,27.57000000000151,0.9999996926676602
2758,27.58000000000151,0.9999996943176193
2759,27.590000000001513,0.9999996959587202
2760,27.600000000001515,0.9999996975910106
2761,27.610000000001516,0.9999996992145378
2762,27.620000000001518,0.9999997008293487
2763,27.63000000000152,0.9999997024354903
2764,27.64000000000152,0.999999704033009
2765,27.650000000001523,0.9999997056219512
2766,27.660000000001524,0.9999997072023629
2767,27.670000000001526,0.9999997087742898
2768,27.680000000001527,0.9999997103377776
2769,27.69000000000153,0.9999997118928715
2770,27.70000000000153,0.9999997134396166
2771,27.710000000001532,0.9999997149780578
2772,27.720000000001534,0.9999997165082396
2773,27.730000000001535,0.9999997180302064
2774,27.740000000001537,0.9999997195440021
2775,27.75000000000154,0.9999997210496708
2776,27.76000000000154,0.9999997225472561
2777,27.77000000000154,0.9999997240368014
2778,27.780000000001543,0.9999997255183497
2779,27.790000000001545,0.9999997269919442
2780,27.800000000001546,0.9999997284576273
2781,27.810000000001548,0.9999997299154417
2782,27.82000000000155,0.9999997313654296
2783,27.83000000000155,0.999999732807633
2784,27.840000000001552,0.9999997342420937
2785,27.850000000001554,0.9999997356688533
2786,27.860000000001556,0.999999737087953
2787,27.870000000001557,0.999999738499434
2788,27.88000000000156,0.9999997399033372
2789,27.89000000000156,0.9999997412997035
2790,27.90000000000156,0.999999742688573
2791,27.910000000001563,0.9999997440699862
2792,27.920000000001565,0.999999745443983
2793,27.930000000001566,0.9999997468106032
2794,27.940000000001568,0.9999997481698866
2795,27.95000000000157,0.9999997495218724
2796,27.96000000000157,0.9999997508665999
2797,27.970000000001573,0.999999752204108
2798,27.980000000001574,0.9999997535344354
2799,27.990000000001576,0.9999997548576207
2800,28.000000000001577,0.9999997561737024
2801,28.01000000000158,0.9999997574827183
2802,28.02000000000158,0.9999997587847067
2803,28.030000000001582,0.999999760079705
2804,28.040000000001584,0.999999761367751
2805,28.050000000001585,0.9999997626488819
2806,28.060000000001587,0.9999997639231348
2807,28.07000000000159,0.9999997651905468
2808,28.08000000000159,0.9999997664511544
2809,28.09000000000159,0.9999997677049941
2810,28.100000000001593,0.9999997689521025
2811,28.110000000001595,0.9999997701925155
2812,28.120000000001596,0.9999997714262693
2813,28.130000000001598,0.9999997726533993
2814,28.1400000000016,0.9999997738739413
2815,28.1500000000016,0.9999997750879307
2816,28.160000000001602,0.9999997762954026
2817,28.170000000001604,0.9999997774963919
2818,28.180000000001606,0.9999997786909336
2819,28.190000000001607,0.9999997798790621
2820,28.20000000000161,0.999999781060812
2821,28.21000000000161,0.9999997822362174
2822,28.220000000001612,0.9999997834053126
2823,28.230000000001613,0.9999997845681312
2824,28.240000000001615,0.999999785724707
2825,28.250000000001616,0.9999997868750736
2826,28.260000000001618,0.9999997880192644
2827,28.27000000000162,0.9999997891573122
2828,28.28000000000162,0.9999997902892503
2829,28.290000000001623,0.9999997914151114
2830,28.300000000001624,0.9999997925349282
2831,28.310000000001626,0.999999793648733
2832,28.320000000001627,0.9999997947565582
2833,28.33000000000163,0.9999997958584358
2834,28.34000000000163,0.9999997969543979
2835,28.350000000001632,0.9999997980444761
2836,28.360000000001634,0.9999997991287021
2837,28.370000000001635,0.9999998002071071
2838,28.380000000001637,0.9999998012797227
2839,28.39000000000164,0.9999998023465796
2840,28.40000000000164,0.999999803407709
2841,28.41000000000164,0.9999998044631416
2842,28.420000000001643,0.9999998055129079
2843,28.430000000001645,0.9999998065570384
2844,28.440000000001646,0.9999998075955633
2845,28.450000000001648,0.9999998086285127
2846,28.46000000000165,0.9999998096559165
2847,28.47000000000165,0.9999998106778046
2848,28.480000000001652,0.9999998116942066
2849,28.490000000001654,0.9999998127051517
2850,28.500000000001656,0.9999998137106695
2851,28.510000000001657,0.999999814710789
2852,28.52000000000166,0.9999998157055392
2853,28.53000000000166,0.999999816694949
2854,28.540000000001662,0.9999998176790469
2855,28.550000000001663,0.9999998186578616
2856,28.560000000001665,0.9999998196314213
2857,28.570000000001667,0.9999998205997542
2858,28.580000000001668,0.9999998215628887
2859,28.59000000000167,0.9999998225208523
2860,28.60000000000167,0.999999823473673
2861,28.610000000001673,0.9999998244213782
2862,28.620000000001674,0.9999998253639957
2863,28.630000000001676,0.9999998263015525
2864,28.640000000001677,0.9999998272340759
2865,28.65000000000168,0.9999998281615928
2866,28.66000000000168,0.9999998290841303
2867,28.670000000001682,0.999999830001715
2868,28.680000000001684,0.9999998309143735
2869,28.690000000001685,0.9999998318221323
2870,28.700000000001687,0.9999998327250175
2871,28.71000000000169,0.9999998336230556
2872,28.72000000000169,0.9999998345162723
2873,28.73000000000169,0.9999998354046937
2874,28.740000000001693,0.9999998362883454
2875,28.750000000001695,0.9999998371672533
2876,28.760000000001696,0.9999998380414424
2877,28.770000000001698,0.9999998389109384
2878,28.7800000000017,0.9999998397757663
2879,28.7900000000017,0.9999998406359514
2880,28.800000000001702,0.9999998414915183
2881,28.810000000001704,0.9999998423424921
2882,28.820000000001706,0.9999998431888972
2883,28.830000000001707,0.9999998440307583
2884,28.84000000000171,0.9999998448680997
2885,28.85000000000171,0.9999998457009458
2886,28.860000000001712,0.9999998465293205
2887,28.870000000001713,0.9999998473532481
2888,28.880000000001715,0.9999998481727522
2889,28.890000000001717,0.9999998489878567
2890,28.900000000001718,0.9999998497985852
2891,28.91000000000172,0.9999998506049612
2892,28.92000000000172,0.999999851407008
2893,28.930000000001723,0.999999852204749
2894,28.940000000001724,0.999999852998207
2895,28.950000000001726,0.9999998537874054
2896,28.960000000001727,0.9999998545723668
2897,28.97000000000173,0.999999855353114
2898,28.98000000000173,0.9999998561296697
2899,28.990000000001732,0.9999998569020563
2900,29.000000000001734,0.9999998576702962
2901,29.010000000001735,0.9999998584344117
2902,29.020000000001737,0.999999859194425
2903,29.03000000000174,0.999999859950358
2904,29.04000000000174,0.9999998607022327
2905,29.05000000000174,0.9999998614500708
2906,29.060000000001743,0.999999862193894
2907,29.070000000001745,0.999999862933724
2908,29.080000000001746,0.999999863669582
2909,29.090000000001748,0.9999998644014895
2910,29.10000000000175,0.9999998651294676
2911,29.11000000000175,0.9999998658535375
2912,29.120000000001752,0.9999998665737201
2913,29.130000000001754,0.9999998672900362
2914,29.140000000001756,0.9999998680025067
2915,29.150000000001757,0.9999998687111523
2916,29.16000000000176,0.9999998694159933
2917,29.17000000000176,0.9999998701170504
2918,29.180000000001762,0.9999998708143436
2919,29.190000000001763,0.9999998715078934
2920,29.200000000001765,0.9999998721977197
2921,29.210000000001767,0.9999998728838426
2922,29.220000000001768,0.9999998735662821
2923,29.23000000000177,0.9999998742450575
2924,29.24000000000177,0.999999874920189
2925,29.250000000001773,0.999999875591696
2926,29.260000000001774,0.9999998762595979
2927,29.270000000001776,0.999999876923914
2928,29.280000000001777,0.9999998775846637
2929,29.29000000000178,0.999999878241866
2930,29.30000000000178,0.99999987889554
2931,29.310000000001782,0.9999998795457047
2932,29.320000000001784,0.9999998801923788
2933,29.330000000001785,0.9999998808355813
2934,29.340000000001787,0.9999998814753306
2935,29.35000000000179,0.9999998821116454
2936,29.36000000000179,0.9999998827445439
2937,29.37000000000179,0.9999998833740447
2938,29.380000000001793,0.9999998840001658
2939,29.390000000001795,0.9999998846229256
2940,29.400000000001796,0.999999885242342
2941,29.410000000001798,0.999999885858433
2942,29.4200000000018,0.9999998864712164
2943,29.4300000000018,0.99999988708071
2944,29.440000000001803,0.9999998876869314
2945,29.450000000001804,0.9999998882898983
2946,29.460000000001806,0.999999888889628
2947,29.470000000001807,0.9999998894861379
2948,29.48000000000181,0.9999998900794455
2949,29.49000000000181,0.9999998906695678
2950,29.500000000001812,0.9999998912565219
2951,29.510000000001813,0.9999998918403249
2952,29.520000000001815,0.9999998924209937
2953,29.530000000001817,0.9999998929985451
2954,29.540000000001818,0.9999998935729958
2955,29.55000000000182,0.9999998941443624
2956,29.56000000000182,0.9999998947126616
2957,29.570000000001823,0.9999998952779099
2958,29.580000000001824,0.9999998958401234
2959,29.590000000001826,0.9999998963993187
2960,29.600000000001828,0.9999998969555118
2961,29.61000000000183,0.999999897508719
2962,29.62000000000183,0.9999998980589562
2963,29.630000000001832,0.9999998986062394
2964,29.640000000001834,0.9999998991505844
2965,29.650000000001835,0.999999899692007
2966,29.660000000001837,0.9999999002305229
2967,29.67000000000184,0.9999999007661476
2968,29.68000000000184,0.9999999012988969
2969,29.69000000000184,0.9999999018287861
2970,29.700000000001843,0.9999999023558304
2971,29.710000000001845,0.9999999028800451
2972,29.720000000001846,0.9999999034014456
2973,29.730000000001848,0.9999999039200469
2974,29.74000000000185,0.999999904435864
2975,29.75000000000185,0.9999999049489118
2976,29.760000000001853,0.9999999054592053
2977,29.770000000001854,0.9999999059667591
2978,29.780000000001856,0.9999999064715882
2979,29.790000000001857,0.999999906973707
2980,29.80000000000186,0.9999999074731301
2981,29.81000000000186,0.9999999079698719
2982,29.820000000001862,0.9999999084639469
2983,29.830000000001863,0.9999999089553695
2984,29.840000000001865,0.9999999094441537
2985,29.850000000001867,0.9999999099303138
2986,29.860000000001868,0.9999999104138639
2987,29.87000000000187,0.9999999108948181
2988,29.88000000000187,0.9999999113731902
2989,29.890000000001873,0.9999999118489941
2990,29.900000000001874,0.9999999123222435
2991,29.910000000001876,0.9999999127929522
2992,29.920000000001878,0.9999999132611339
2993,29.93000000000188,0.9999999137268021
2994,29.94000000000188,0.9999999141899703
2995,29.950000000001882,0.9999999146506517
2996,29.960000000001884,0.9999999151088601
2997,29.970000000001885,0.9999999155646085
2998,29.980000000001887,0.9999999160179102
2999,29.99000000000189,0.9999999164687782
3000,30.00000000000189,0.9999999169172257
3001,30.01000000000189,0.9999999173632657
3002,30.020000000001893,0.999999917806911
3003,30.030000000001895,0.9999999182481746
3004,30.040000000001896,0.9999999186870691
3005,30.050000000001898,0.9999999191236074
3006,30.0600000000019,0.9999999195578021
3007,30.0700000000019,0.9999999199896658
3008,30.080000000001903,0.9999999204192108
3009,30.090000000001904,0.99999992084645
3010,30.100000000001906,0.9999999212713953
3011,30.110000000001907,0.9999999216940593
3012,30.12000000000191,0.9999999221144542
3013,30.13000000000191,0.9999999225325921
3014,30.140000000001912,0.9999999229484852
3015,30.150000000001913,0.9999999233621455
3016,30.160000000001915,0.999999923773585
3017,30.170000000001917,0.9999999241828157
3018,30.180000000001918,0.9999999245898493
3019,30.19000000000192,0.9999999249946977
3020,30.20000000000192,0.9999999253973727
3021,30.210000000001923,0.9999999257978858
3022,30.220000000001924,0.9999999261962488
3023,30.230000000001926,0.999999926592473
3024,30.240000000001928,0.99999992698657
3025,30.25000000000193,0.9999999273785514
3026,30.26000000000193,0.9999999277684283
3027,30.270000000001932,0.9999999281562121
3028,30.280000000001934,0.9999999285419141
3029,30.290000000001935,0.9999999289255453
3030,30.300000000001937,0.999999929307117
3031,30.31000000000194,0.9999999296866401
3032,30.32000000000194,0.9999999300641258
3033,30.33000000000194,0.9999999304395848
3034,30.340000000001943,0.9999999308130282
3035,30.350000000001945,0.9999999311844666
3036,30.360000000001946,0.999999931553911
3037,30.370000000001948,0.9999999319213719
3038,30.38000000000195,0.9999999322868601
3039,30.39000000000195,0.9999999326503861
3040,30.400000000001953,0.9999999330119604
3041,30.410000000001954,0.9999999333715937
3042,30.420000000001956,0.9999999337292962
3043,30.430000000001957,0.9999999340850783
3044,30.44000000000196,0.9999999344389503
3045,30.45000000000196,0.9999999347909225
3046,30.460000000001962,0.9999999351410052
3047,30.470000000001964,0.9999999354892083
3048,30.480000000001965,0.9999999358355421
3049,30.490000000001967,0.9999999361800166
3050,30.500000000001968,0.9999999365226416
3051,30.51000000000197,0.9999999368634273
3052,30.52000000000197,0.9999999372023834
3053,30.530000000001973,0.9999999375395198
3054,30.540000000001974,0.9999999378748462
3055,30.550000000001976,0.9999999382083724
3056,30.560000000001978,0.9999999385401079
3057,30.57000000000198,0.9999999388700626
3058,30.58000000000198,0.9999999391982458
3059,30.590000000001982,0.9999999395246671
3060,30.600000000001984,0.9999999398493361
3061,30.610000000001985,0.9999999401722619
3062,30.620000000001987,0.9999999404934541
3063,30.63000000000199,0.999999940812922
3064,30.64000000000199,0.9999999411306747
3065,30.65000000000199,0.9999999414467216
3066,30.660000000001993,0.9999999417610717
3067,30.670000000001995,0.9999999420737341
3068,30.680000000001996,0.999999942384718
3069,30.690000000001998,0.9999999426940324
3070,30.700000000002,0.9999999430016862
3071,30.710000000002,0.9999999433076882
3072,30.720000000002003,0.9999999436120475
3073,30.730000000002004,0.9999999439147728
3074,30.740000000002006,0.9999999442158728
3075,30.750000000002007,0.9999999445153563
3076,30.76000000000201,0.9999999448132321
3077,30.77000000000201,0.9999999451095086
3078,30.780000000002012,0.9999999454041946
3079,30.790000000002014,0.9999999456972986
3080,30.800000000002015,0.9999999459888288
3081,30.810000000002017,0.9999999462787941
3082,30.82000000000202,0.9999999465672026
3083,30.83000000000202,0.9999999468540627
3084,30.84000000000202,0.9999999471393828
3085,30.850000000002023,0.9999999474231711
3086,30.860000000002024,0.9999999477054359
3087,30.870000000002026,0.9999999479861853
3088,30.880000000002028,0.9999999482654275
3089,30.89000000000203,0.9999999485431704
3090,30.90000000000203,0.9999999488194223
3091,30.910000000002032,0.9999999490941912
3092,30.920000000002034,0.9999999493674848
3093,30.930000000002035,0.9999999496393114
3094,30.940000000002037,0.9999999499096784
3095,30.95000000000204,0.9999999501785941
3096,30.96000000000204,0.999999950446066
3097,30.97000000000204,0.999999950712102
3098,30.980000000002043,0.9999999509767098
3099,30.990000000002045,0.9999999512398969
3100,31.000000000002046,0.9999999515016711
3101,31.010000000002048,0.9999999517620399
3102,31.02000000000205,0.9999999520210109
3103,31.03000000000205,0.9999999522785916
3104,31.040000000002053,0.9999999525347895
3105,31.050000000002054,0.9999999527896118
3106,31.060000000002056,0.9999999530430662
3107,31.070000000002057,0.9999999532951599
3108,31.08000000000206,0.9999999535459001
3109,31.09000000000206,0.9999999537952943
3110,31.100000000002062,0.9999999540433494
3111,31.110000000002064,0.9999999542900729
3112,31.120000000002065,0.9999999545354719
3113,31.130000000002067,0.9999999547795534
3114,31.14000000000207,0.9999999550223245
3115,31.15000000000207,0.9999999552637923
3116,31.16000000000207,0.9999999555039637
3117,31.170000000002073,0.9999999557428457
3118,31.180000000002075,0.9999999559804452
3119,31.190000000002076,0.9999999562167692
3120,31.200000000002078,0.9999999564518245
3121,31.21000000000208,0.9999999566856178
3122,31.22000000000208,0.9999999569181559
3123,31.230000000002082,0.9999999571494457
3124,31.240000000002084,0.9999999573794938
3125,31.250000000002085,0.9999999576083067
3126,31.260000000002087,0.9999999578358914
3127,31.27000000000209,0.9999999580622541
3128,31.28000000000209,0.9999999582874016
3129,31.29000000000209,0.9999999585113404
3130,31.300000000002093,0.999999958734077
3131,31.310000000002095,0.9999999589556177
3132,31.320000000002096,0.9999999591759691
3133,31.330000000002098,0.9999999593951375
3134,31.3400000000021,0.9999999596131293
3135,31.3500000000021,0.9999999598299507
3136,31.360000000002103,0.9999999600456082
3137,31.370000000002104,0.9999999602601078
3138,31.380000000002106,0.9999999604734559
3139,31.390000000002107,0.9999999606856586
3140,31.40000000000211,0.999999960896722
3141,31.41000000000211,0.9999999611066523
3142,31.420000000002112,0.9999999613154557
3143,31.430000000002114,0.999999961523138
3144,31.440000000002115,0.9999999617297053
3145,31.450000000002117,0.9999999619351636
3146,31.46000000000212,0.999999962139519
3147,31.47000000000212,0.9999999623427772
3148,31.48000000000212,0.9999999625449442
3149,31.490000000002123,0.9999999627460259
3150,31.500000000002125,0.999999962946028
3151,31.510000000002126,0.9999999631449564
3152,31.520000000002128,0.9999999633428168
3153,31.53000000000213,0.999999963539615
3154,31.54000000000213,0.9999999637353566
3155,31.550000000002132,0.9999999639300474
3156,31.560000000002134,0.999999964123693
3157,31.570000000002135,0.9999999643162989
3158,31.580000000002137,0.9999999645078708
3159,31.59000000000214,0.9999999646984142
3160,31.60000000000214,0.9999999648879347
3161,31.61000000000214,0.9999999650764377
3162,31.620000000002143,0.9999999652639288
3163,31.630000000002145,0.9999999654504133
3164,31.640000000002146,0.9999999656358965
3165,31.650000000002148,0.999999965820384
3166,31.66000000000215,0.9999999660038811
3167,31.67000000000215,0.999999966186393
3168,31.680000000002153,0.9999999663679251
3169,31.690000000002154,0.9999999665484827
3170,31.700000000002156,0.9999999667280708
3171,31.710000000002157,0.9999999669066948
3172,31.72000000000216,0.9999999670843599
3173,31.73000000000216,0.9999999672610711
3174,31.740000000002162,0.9999999674368337
3175,31.750000000002164,0.9999999676116527
3176,31.760000000002165,0.999999967785533
3177,31.770000000002167,0.99999996795848
3178,31.78000000000217,0.9999999681304984
3179,31.79000000000217,0.9999999683015933
3180,31.80000000000217,0.9999999684717698
3181,31.810000000002173,0.9999999686410325
3182,31.820000000002175,0.9999999688093866
3183,31.830000000002176,0.9999999689768369
3184,31.840000000002178,0.9999999691433881
3185,31.85000000000218,0.9999999693090452
3186,31.86000000000218,0.999999969473813
3187,31.870000000002182,0.9999999696376961
3188,31.880000000002184,0.9999999698006995
3189,31.890000000002185,0.9999999699628278
3190,31.900000000002187,0.9999999701240856
3191,31.91000000000219,0.9999999702844777
3192,31.92000000000219,0.9999999704440088
3193,31.93000000000219,0.9999999706026833
3194,31.940000000002193,0.9999999707605061
3195,31.950000000002195,0.9999999709174815
3196,31.960000000002196,0.9999999710736142
3197,31.970000000002198,0.9999999712289086
3198,31.9800000000022,0.9999999713833694
3199,31.9900000000022,0.9999999715370009
3200,32.0000000000022,0.9999999716898076
3201,32.0100000000022,0.999999971841794
3202,32.0200000000022,0.9999999719929644
3203,32.0300000000022,0.9999999721433231
3204,32.040000000002195,0.9999999722928749
3205,32.05000000000219,0.9999999724416235
3206,32.06000000000219,0.9999999725895736
3207,32.07000000000219,0.9999999727367296
3208,32.08000000000219,0.9999999728830954
3209,32.090000000002185,0.9999999730286754
3210,32.10000000000218,0.9999999731734739
3211,32.11000000000218,0.999999973317495
3212,32.12000000000218,0.999999973460743
3213,32.13000000000218,0.9999999736032218
3214,32.140000000002175,0.9999999737449358
3215,32.15000000000217,0.999999973885889
3216,32.16000000000217,0.9999999740260854
3217,32.17000000000217,0.9999999741655292
3218,32.18000000000217,0.9999999743042244
3219,32.190000000002165,0.9999999744421749
3220,32.20000000000216,0.9999999745793848
3221,32.21000000000216,0.9999999747158582
3222,32.22000000000216,0.9999999748515989
3223,32.23000000000216,0.9999999749866108
3224,32.240000000002155,0.9999999751208978
3225,32.25000000000215,0.9999999752544639
3226,32.26000000000215,0.9999999753873131
3227,32.27000000000215,0.999999975519449
3228,32.28000000000215,0.9999999756508754
3229,32.290000000002145,0.9999999757815963
3230,32.30000000000214,0.9999999759116154
3231,32.31000000000214,0.9999999760409365
3232,32.32000000000214,0.9999999761695634
3233,32.33000000000214,0.9999999762974996
3234,32.340000000002135,0.999999976424749
3235,32.35000000000213,0.9999999765513153
3236,32.36000000000213,0.9999999766772021
3237,32.37000000000213,0.999999976802413
3238,32.38000000000213,0.9999999769269518
3239,32.390000000002125,0.9999999770508219
3240,32.40000000000212,0.999999977174027
3241,32.41000000000212,0.9999999772965708
3242,32.42000000000212,0.9999999774184565
3243,32.43000000000212,0.999999977539688
3244,32.440000000002115,0.9999999776602686
3245,32.45000000000211,0.9999999777802018
3246,32.46000000000211,0.9999999778994911
3247,32.47000000000211,0.9999999780181401
3248,32.48000000000211,0.999999978136152
3249,32.490000000002105,0.9999999782535305
3250,32.5000000000021,0.9999999783702788
3251,32.5100000000021,0.9999999784864002
3252,32.5200000000021,0.9999999786018983
3253,32.5300000000021,0.9999999787167763
3254,32.540000000002095,0.9999999788310375
3255,32.55000000000209,0.9999999789446854
3256,32.56000000000209,0.9999999790577231
3257,32.57000000000209,0.9999999791701539
3258,32.58000000000209,0.9999999792819811
3259,32.590000000002085,0.9999999793932081
3260,32.60000000000208,0.9999999795038379
3261,32.61000000000208,0.9999999796138737
3262,32.62000000000208,0.9999999797233188
3263,32.63000000000208,0.9999999798321763
3264,32.640000000002075,0.9999999799404494
3265,32.65000000000207,0.9999999800481413
3266,32.66000000000207,0.9999999801552549
3267,32.67000000000207,0.9999999802617935
3268,32.68000000000207,0.9999999803677602
3269,32.690000000002065,0.999999980473158
3270,32.70000000000206,0.9999999805779899
3271,32.71000000000206,0.999999980682259
3272,32.72000000000206,0.9999999807859684
3273,32.73000000000206,0.9999999808891209
3274,32.740000000002055,0.9999999809917197
3275,32.75000000000205,0.9999999810937676
3276,32.76000000000205,0.9999999811952678
3277,32.77000000000205,0.999999981296223
3278,32.78000000000205,0.9999999813966362
3279,32.790000000002046,0.9999999814965104
3280,32.80000000000204,0.9999999815958482
3281,32.81000000000204,0.9999999816946529
3282,32.82000000000204,0.9999999817929272
3283,32.83000000000204,0.9999999818906737
3284,32.840000000002036,0.9999999819878955
3285,32.850000000002034,0.9999999820845954
3286,32.86000000000203,0.9999999821807761
3287,32.87000000000203,0.9999999822764405
3288,32.88000000000203,0.9999999823715914
3289,32.890000000002026,0.9999999824662313
3290,32.900000000002024,0.9999999825603632
3291,32.91000000000202,0.9999999826539897
3292,32.92000000000202,0.9999999827471137
3293,32.93000000000202,0.9999999828397376
3294,32.940000000002016,0.9999999829318642
3295,32.950000000002014,0.9999999830234964
3296,32.96000000000201,0.9999999831146364
3297,32.97000000000201,0.9999999832052873
3298,32.98000000000201,0.9999999832954515
3299,32.990000000002006,0.9999999833851316
3300,33.000000000002004,0.9999999834743303
3301,33.010000000002,0.9999999835630501
3302,33.020000000002,0.9999999836512936
3303,33.030000000002,0.9999999837390633
3304,33.040000000001996,0.9999999838263619
3305,33.050000000001994,0.9999999839131918
3306,33.06000000000199,0.9999999839995555
3307,33.07000000000199,0.9999999840854555
3308,33.08000000000199,0.9999999841708944
3309,33.090000000001986,0.9999999842558747
3310,33.100000000001984,0.9999999843403986
3311,33.11000000000198,0.9999999844244688
3312,33.12000000000198,0.9999999845080877
3313,33.13000000000198,0.9999999845912577
3314,33.140000000001976,0.9999999846739811
3315,33.150000000001974,0.9999999847562605
3316,33.16000000000197,0.999999984838098
3317,33.17000000000197,0.9999999849194964
3318,33.18000000000197,0.9999999850004576
3319,33.190000000001966,0.9999999850809842
3320,33.200000000001964,0.9999999851610785
3321,33.21000000000196,0.9999999852407427
3322,33.22000000000196,0.9999999853199794
3323,33.23000000000196,0.9999999853987906
3324,33.240000000001956,0.9999999854771787
3325,33.250000000001954,0.999999985555146
3326,33.26000000000195,0.9999999856326948
3327,33.27000000000195,0.9999999857098271
3328,33.28000000000195,0.9999999857865454
3329,33.290000000001946,0.9999999858628518
3330,33.300000000001944,0.9999999859387485
3331,33.31000000000194,0.9999999860142378
3332,33.32000000000194,0.9999999860893218
3333,33.33000000000194,0.9999999861640028
3334,33.340000000001936,0.9999999862382828
3335,33.350000000001934,0.999999986312164
3336,33.36000000000193,0.9999999863856486
3337,33.37000000000193,0.9999999864587387
3338,33.38000000000193,0.9999999865314363
3339,33.390000000001926,0.9999999866037437
3340,33.400000000001924,0.9999999866756628
3341,33.41000000000192,0.9999999867471959
3342,33.42000000000192,0.999999986818345
3343,33.43000000000192,0.9999999868891121
3344,33.440000000001916,0.9999999869594992
3345,33.450000000001914,0.9999999870295085
3346,33.46000000000191,0.999999987099142
3347,33.47000000000191,0.9999999871684015
3348,33.48000000000191,0.9999999872372893
3349,33.490000000001906,0.9999999873058072
3350,33.500000000001904,0.9999999873739573
3351,33.5100000000019,0.9999999874417416
3352,33.5200000000019,0.9999999875091619
3353,33.5300000000019,0.9999999875762202
3354,33.540000000001896,0.9999999876429185
3355,33.550000000001894,0.9999999877092588
3356,33.56000000000189,0.9999999877752429
3357,33.57000000000189,0.9999999878408729
3358,33.58000000000189,0.9999999879061503
3359,33.590000000001886,0.9999999879710774
3360,33.600000000001884,0.9999999880356559
3361,33.61000000000188,0.9999999880998878
3362,33.62000000000188,0.9999999881637748
3363,33.63000000000188,0.9999999882273187
3364,33.640000000001876,0.9999999882905216
3365,33.650000000001874,0.9999999883533851
3366,33.66000000000187,0.9999999884159112
3367,33.67000000000187,0.9999999884781016
3368,33.68000000000187,0.9999999885399581
3369,33.69000000000187,0.9999999886014824
3370,33.700000000001864,0.9999999886626766
3371,33.71000000000186,0.9999999887235421
3372,33.72000000000186,0.999999988784081
3373,33.73000000000186,0.9999999888442948
3374,33.74000000000186,0.9999999889041854
3375,33.750000000001855,0.9999999889637544
3376,33.76000000000185,0.9999999890230036
3377,33.77000000000185,0.9999999890819348
3378,33.78000000000185,0.9999999891405494
3379,33.79000000000185,0.9999999891988496
3380,33.800000000001845,0.9999999892568366
3381,33.81000000000184,0.9999999893145124
3382,33.82000000000184,0.9999999893718785
3383,33.83000000000184,0.9999999894289368
3384,33.84000000000184,0.9999999894856886
3385,33.850000000001835,0.9999999895421356
3386,33.86000000000183,0.9999999895982798
3387,33.87000000000183,0.9999999896541225
3388,33.88000000000183,0.9999999897096654
3389,33.89000000000183,0.9999999897649101
3390,33.900000000001825,0.9999999898198583
3391,33.91000000000182,0.9999999898745114
3392,33.92000000000182,0.9999999899288711
3393,33.93000000000182,0.999999989982939
3394,33.94000000000182,0.9999999900367166
3395,33.950000000001815,0.9999999900902055
3396,33.96000000000181,0.9999999901434072
3397,33.97000000000181,0.9999999901963234
3398,33.98000000000181,0.9999999902489555
3399,33.99000000000181,0.9999999903013049
3400,34.000000000001805,0.9999999903533733
3401,34.0100000000018,0.9999999904051622
3402,34.0200000000018,0.9999999904566731
3403,34.0300000000018,0.9999999905079074
3404,34.0400000000018,0.9999999905588667
3405,34.050000000001795,0.9999999906095524
3406,34.06000000000179,0.9999999906599659
3407,34.07000000000179,0.9999999907101089
3408,34.08000000000179,0.9999999907599826
3409,34.09000000000179,0.9999999908095886
3410,34.100000000001785,0.9999999908589282
3411,34.11000000000178,0.999999990908003
3412,34.12000000000178,0.9999999909568144
3413,34.13000000000178,0.9999999910053636
3414,34.14000000000178,0.9999999910536522
3415,34.150000000001775,0.9999999911016816
3416,34.16000000000177,0.9999999911494531
3417,34.17000000000177,0.9999999911969681
3418,34.18000000000177,0.9999999912442281
3419,34.19000000000177,0.9999999912912344
3420,34.200000000001765,0.9999999913379882
3421,34.21000000000176,0.9999999913844911
3422,34.22000000000176,0.9999999914307444
3423,34.23000000000176,0.9999999914767493
3424,34.24000000000176,0.9999999915225073
3425,34.250000000001755,0.9999999915680196
3426,34.26000000000175,0.9999999916132875
3427,34.27000000000175,0.9999999916583124
3428,34.28000000000175,0.9999999917030956
3429,34.29000000000175,0.9999999917476383
3430,34.300000000001745,0.999999991791942
3431,34.31000000000174,0.9999999918360077
3432,34.32000000000174,0.999999991879837
3433,34.33000000000174,0.9999999919234309
3434,34.34000000000174,0.9999999919667908
3435,34.350000000001735,0.9999999920099178
3436,34.36000000000173,0.9999999920528134
3437,34.37000000000173,0.9999999920954787
3438,34.38000000000173,0.9999999921379149
3439,34.39000000000173,0.9999999921801234
3440,34.400000000001725,0.9999999922221051
3441,34.41000000000172,0.9999999922638616
3442,34.42000000000172,0.9999999923053938
3443,34.43000000000172,0.9999999923467031
3444,34.44000000000172,0.9999999923877906
3445,34.450000000001715,0.9999999924286574
3446,34.46000000000171,0.999999992469305
3447,34.47000000000171,0.9999999925097343
3448,34.48000000000171,0.9999999925499465
3449,34.49000000000171,0.9999999925899429
3450,34.500000000001705,0.9999999926297245
3451,34.5100000000017,0.9999999926692926
3452,34.5200000000017,0.9999999927086483
3453,34.5300000000017,0.9999999927477926
3454,34.5400000000017,0.9999999927867268
3455,34.550000000001695,0.999999992825452
3456,34.56000000000169,0.9999999928639692
3457,34.57000000000169,0.9999999929022798
3458,34.58000000000169,0.9999999929403846
3459,34.59000000000169,0.9999999929782849
3460,34.600000000001685,0.9999999930159816
3461,34.61000000000168,0.9999999930534761
3462,34.62000000000168,0.9999999930907691
3463,34.63000000000168,0.999999993127862
3464,34.64000000000168,0.9999999931647559
3465,34.650000000001675,0.9999999932014515
3466,34.66000000000167,0.9999999932379502
3467,34.67000000000167,0.9999999932742529
3468,34.68000000000167,0.9999999933103608
3469,34.69000000000167,0.9999999933462748
3470,34.700000000001666,0.999999993381996
3471,34.71000000000166,0.9999999934175254
3472,34.72000000000166,0.999999993452864
3473,34.73000000000166,0.999999993488013
3474,34.74000000000166,0.9999999935229733
3475,34.750000000001656,0.9999999935577458
3476,34.760000000001654,0.9999999935923317
3477,34.77000000000165,0.999999993626732
3478,34.78000000000165,0.9999999936609475
3479,34.79000000000165,0.9999999936949793
3480,34.800000000001646,0.9999999937288284
3481,34.810000000001644,0.9999999937624958
3482,34.82000000000164,0.9999999937959825
3483,34.83000000000164,0.9999999938292894
3484,34.84000000000164,0.9999999938624174
3485,34.850000000001636,0.9999999938953678
3486,34.860000000001634,0.9999999939281411
3487,34.87000000000163,0.9999999939607385
3488,34.88000000000163,0.9999999939931608
3489,34.89000000000163,0.9999999940254091
3490,34.900000000001626,0.9999999940574843
3491,34.910000000001624,0.9999999940893873
3492,34.92000000000162,0.9999999941211191
3493,34.93000000000162,0.9999999941526804
3494,34.94000000000162,0.9999999941840723
3495,34.950000000001616,0.9999999942152956
3496,34.960000000001614,0.9999999942463514
3497,34.97000000000161,0.9999999942772405
3498,34.98000000000161,0.9999999943079637
3499,34.99000000000161,0.9999999943385219
3500,35.000000000001606,0.9999999943689162
3501,35.010000000001604,0.9999999943991472
3502,35.0200000000016,0.9999999944292159
3503,35.0300000000016,0.9999999944591232
3504,35.0400000000016,0.99999999448887
3505,35.050000000001596,0.999999994518457
3506,35.060000000001594,0.9999999945478852
3507,35.07000000000159,0.9999999945771555
3508,35.08000000000159,0.9999999946062685
3509,35.09000000000159,0.9999999946352254
3510,35.100000000001586,0.9999999946640267
3511,35.110000000001584,0.9999999946926733
3512,35.12000000000158,0.9999999947211663
3513,35.13000000000158,0.9999999947495062
3514,35.14000000000158,0.999999994777694
3515,35.150000000001576,0.9999999948057304
3516,35.160000000001574,0.9999999948336165
3517,35.17000000000157,0.9999999948613527
3518,35.18000000000157,0.99999999488894
3519,35.19000000000157,0.9999999949163793
3520,35.200000000001566,0.9999999949436712
3521,35.210000000001564,0.9999999949708166
3522,35.22000000000156,0.9999999949978162
3523,35.23000000000156,0.999999995024671
3524,35.24000000000156,0.9999999950513815
3525,35.250000000001556,0.9999999950779487
3526,35.260000000001554,0.9999999951043732
3527,35.27000000000155,0.9999999951306558
3528,35.28000000000155,0.9999999951567974
3529,35.29000000000155,0.9999999951827986
3530,35.300000000001546,0.9999999952086602
3531,35.310000000001544,0.999999995234383
3532,35.32000000000154,0.9999999952599676
3533,35.33000000000154,0.999999995285415
3534,35.34000000000154,0.9999999953107257
3535,35.350000000001536,0.9999999953359006
3536,35.360000000001534,0.9999999953609402
3537,35.37000000000153,0.9999999953858455
3538,35.38000000000153,0.999999995410617
3539,35.39000000000153,0.9999999954352556
3540,35.400000000001526,0.9999999954597619
3541,35.410000000001524,0.9999999954841367
3542,35.42000000000152,0.9999999955083805
3543,35.43000000000152,0.9999999955324942
3544,35.44000000000152,0.9999999955564784
3545,35.450000000001516,0.9999999955803339
3546,35.460000000001514,0.9999999956040613
3547,35.47000000000151,0.9999999956276613
3548,35.48000000000151,0.9999999956511346
3549,35.49000000000151,0.999999995674482
3550,35.500000000001506,0.9999999956977039
3551,35.510000000001504,0.9999999957208012
3552,35.5200000000015,0.9999999957437745
3553,35.5300000000015,0.9999999957666245
3554,35.5400000000015,0.9999999957893518
3555,35.550000000001496,0.9999999958119571
3556,35.560000000001494,0.999999995834441
3557,35.57000000000149,0.9999999958568042
3558,35.58000000000149,0.9999999958790474
3559,35.59000000000149,0.9999999959011712
3560,35.60000000000149,0.9999999959231761
3561,35.610000000001484,0.999999995945063
3562,35.62000000000148,0.9999999959668322
3563,35.63000000000148,0.9999999959884847
3564,35.64000000000148,0.9999999960100209
3565,35.65000000000148,0.9999999960314415
3566,35.660000000001475,0.9999999960527471
3567,35.67000000000147,0.9999999960739383
3568,35.68000000000147,0.9999999960950158
3569,35.69000000000147,0.99999999611598
3570,35.70000000000147,0.9999999961368318
3571,35.710000000001465,0.9999999961575716
3572,35.72000000000146,0.9999999961782
3573,35.73000000000146,0.9999999961987177
3574,35.74000000000146,0.9999999962191253
3575,35.75000000000146,0.9999999962394234
3576,35.760000000001455,0.9999999962596123
3577,35.77000000000145,0.9999999962796929
3578,35.78000000000145,0.9999999962996658
3579,35.79000000000145,0.9999999963195314
3580,35.80000000000145,0.9999999963392904
3581,35.810000000001445,0.9999999963589432
3582,35.82000000000144,0.9999999963784906
3583,35.83000000000144,0.999999996397933
3584,35.84000000000144,0.9999999964172711
3585,35.85000000000144,0.9999999964365054
3586,35.860000000001435,0.9999999964556363
3587,35.87000000000143,0.9999999964746645
3588,35.88000000000143,0.9999999964935907
3589,35.89000000000143,0.9999999965124152
3590,35.90000000000143,0.9999999965311386
3591,35.910000000001425,0.9999999965497616
3592,35.92000000000142,0.9999999965682845
3593,35.93000000000142,0.999999996586708
3594,35.94000000000142,0.9999999966050326
3595,35.95000000000142,0.9999999966232588
3596,35.960000000001415,0.9999999966413872
3597,35.97000000000141,0.9999999966594182
3598,35.98000000000141,0.9999999966773524
3599,35.99000000000141,0.9999999966951904
3600,36.00000000000141,0.9999999967129326
3601,36.010000000001405,0.9999999967305795
3602,36.0200000000014,0.9999999967481318
3603,36.0300000000014,0.9999999967655897
3604,36.0400000000014,0.9999999967829539
3605,36.0500000000014,0.999999996800225
3606,36.060000000001395,0.9999999968174033
3607,36.07000000000139,0.9999999968344894
3608,36.08000000000139,0.9999999968514838
3609,36.09000000000139,0.9999999968683868
3610,36.10000000000139,0.9999999968851992
3611,36.110000000001385,0.9999999969019213
3612,36.12000000000138,0.9999999969185537
3613,36.13000000000138,0.9999999969350967
3614,36.14000000000138,0.999999996951551
3615,36.15000000000138,0.9999999969679169
3616,36.160000000001375,0.9999999969841948
3617,36.17000000000137,0.9999999970003856
3618,36.18000000000137,0.9999999970164892
3619,36.19000000000137,0.9999999970325065
3620,36.20000000000137,0.9999999970484378
3621,36.210000000001365,0.9999999970642836
3622,36.22000000000136,0.9999999970800442
3623,36.23000000000136,0.9999999970957203
3624,36.24000000000136,0.9999999971113122
3625,36.25000000000136,0.9999999971268204
3626,36.260000000001355,0.9999999971422453
3627,36.27000000000135,0.9999999971575875
3628,36.28000000000135,0.9999999971728473
3629,36.29000000000135,0.9999999971880251
3630,36.30000000000135,0.9999999972031215
3631,36.310000000001345,0.9999999972181367
3632,36.32000000000134,0.9999999972330714
3633,36.33000000000134,0.999999997247926
3634,36.34000000000134,0.9999999972627007
3635,36.35000000000134,0.9999999972773962
3636,36.360000000001335,0.9999999972920128
3637,36.37000000000133,0.9999999973065509
3638,36.38000000000133,0.9999999973210109
3639,36.39000000000133,0.9999999973353934
3640,36.40000000000133,0.9999999973496986
3641,36.410000000001325,0.999999997363927
3642,36.42000000000132,0.999999997378079
3643,36.43000000000132,0.999999997392155
3644,36.44000000000132,0.9999999974061554
3645,36.45000000000132,0.9999999974200807
3646,36.460000000001315,0.9999999974339313
3647,36.47000000000131,0.9999999974477075
3648,36.48000000000131,0.9999999974614098
3649,36.49000000000131,0.9999999974750384
3650,36.50000000000131,0.9999999974885939
3651,36.510000000001305,0.9999999975020766
3652,36.5200000000013,0.999999997515487
3653,36.5300000000013,0.9999999975288253
3654,36.5400000000013,0.999999997542092
3655,36.5500000000013,0.9999999975552876
3656,36.560000000001295,0.9999999975684123
3657,36.57000000000129,0.9999999975814664
3658,36.58000000000129,0.9999999975944506
3659,36.59000000000129,0.999999997607365
3660,36.60000000000129,0.9999999976202101
3661,36.610000000001286,0.9999999976329862
3662,36.62000000000128,0.9999999976456938
3663,36.63000000000128,0.9999999976583331
3664,36.64000000000128,0.9999999976709045
3665,36.65000000000128,0.9999999976834085
3666,36.660000000001276,0.9999999976958454
3667,36.670000000001274,0.9999999977082155
3668,36.68000000000127,0.9999999977205192
3669,36.69000000000127,0.9999999977327567
3670,36.70000000000127,0.9999999977449286
3671,36.710000000001266,0.9999999977570352
3672,36.720000000001264,0.9999999977690768
3673,36.73000000000126,0.9999999977810538
3674,36.74000000000126,0.9999999977929663
3675,36.75000000000126,0.9999999978048151
3676,36.760000000001256,0.9999999978166001
3677,36.770000000001254,0.9999999978283219
3678,36.78000000000125,0.9999999978399807
3679,36.79000000000125,0.999999997851577
3680,36.80000000000125,0.999999997863111
3681,36.810000000001246,0.9999999978745832
3682,36.820000000001244,0.9999999978859936
3683,36.83000000000124,0.9999999978973428
3684,36.84000000000124,0.9999999979086313
3685,36.85000000000124,0.9999999979198589
3686,36.860000000001236,0.9999999979310263
3687,36.870000000001234,0.9999999979421338
3688,36.88000000000123,0.9999999979531817
3689,36.89000000000123,0.9999999979641703
3690,36.90000000000123,0.9999999979750998
3691,36.910000000001226,0.9999999979859706
3692,36.920000000001224,0.9999999979967832
3693,36.93000000000122,0.9999999980075376
3694,36.94000000000122,0.9999999980182344
3695,36.95000000000122,0.9999999980288736
3696,36.960000000001216,0.9999999980394558
3697,36.970000000001214,0.9999999980499812
3698,36.98000000000121,0.99999999806045
3699,36.99000000000121,0.9999999980708627
3700,37.00000000000121,0.9999999980812195
3701,37.010000000001206,0.9999999980915206
3702,37.020000000001204,0.9999999981017665
3703,37.0300000000012,0.9999999981119574
3704,37.0400000000012,0.9999999981220935
3705,37.0500000000012,0.9999999981321752
3706,37.060000000001196,0.9999999981422029
3707,37.070000000001194,0.9999999981521766
3708,37.08000000000119,0.9999999981620968
3709,37.09000000000119,0.9999999981719637
3710,37.10000000000119,0.9999999981817778
3711,37.110000000001186,0.9999999981915391
3712,37.120000000001184,0.999999998201248
3713,37.13000000000118,0.9999999982109047
3714,37.14000000000118,0.9999999982205097
3715,37.15000000000118,0.999999998230063
3716,37.160000000001176,0.9999999982395651
3717,37.170000000001174,0.9999999982490162
3718,37.18000000000117,0.9999999982584165
3719,37.19000000000117,0.9999999982677663
3720,37.20000000000117,0.999999998277066
3721,37.210000000001166,0.9999999982863157
3722,37.220000000001164,0.9999999982955158
3723,37.23000000000116,0.9999999983046665
3724,37.24000000000116,0.9999999983137681
3725,37.25000000000116,0.9999999983228207
3726,37.260000000001156,0.9999999983318248
3727,37.270000000001154,0.9999999983407806
3728,37.28000000000115,0.9999999983496883
3729,37.29000000000115,0.9999999983585481
3730,37.30000000000115,0.9999999983673604
3731,37.310000000001146,0.9999999983761254
3732,37.320000000001144,0.9999999983848433
3733,37.33000000000114,0.9999999983935145
3734,37.34000000000114,0.999999998402139
3735,37.35000000000114,0.9999999984107173
3736,37.360000000001136,0.9999999984192496
3737,37.370000000001134,0.9999999984277359
3738,37.38000000000113,0.9999999984361768
3739,37.39000000000113,0.9999999984445723
3740,37.40000000000113,0.9999999984529228
3741,37.410000000001126,0.9999999984612284
3742,37.420000000001124,0.9999999984694895
3743,37.43000000000112,0.9999999984777062
3744,37.44000000000112,0.9999999984858787
3745,37.45000000000112,0.9999999984940074
3746,37.460000000001116,0.9999999985020925
3747,37.470000000001114,0.9999999985101342
3748,37.48000000000111,0.9999999985181327
3749,37.49000000000111,0.9999999985260882
3750,37.50000000000111,0.999999998534001
3751,37.51000000000111,0.9999999985418714
3752,37.520000000001104,0.9999999985496995
3753,37.5300000000011,0.9999999985574856
3754,37.5400000000011,0.9999999985652298
3755,37.5500000000011,0.9999999985729325
3756,37.5600000000011,0.9999999985805939
3757,37.570000000001095,0.9999999985882141
3758,37.58000000000109,0.9999999985957935
3759,37.59000000000109,0.999999998603332
3760,37.60000000000109,0.9999999986108302
3761,37.61000000000109,0.999999998618288
3762,37.620000000001085,0.9999999986257059
3763,37.63000000000108,0.999999998633084
3764,37.64000000000108,0.9999999986404223
3765,37.65000000000108,0.9999999986477214
3766,37.66000000000108,0.9999999986549812
3767,37.670000000001075,0.9999999986622021
3768,37.68000000000107,0.9999999986693842
3769,37.69000000000107,0.9999999986765278
3770,37.70000000000107,0.9999999986836329
3771,37.71000000000107,0.9999999986907
3772,37.720000000001065,0.999999998697729
3773,37.73000000000106,0.9999999987047204
3774,37.74000000000106,0.9999999987116742
3775,37.75000000000106,0.9999999987185908
3776,37.76000000000106,0.9999999987254701
3777,37.770000000001055,0.9999999987323126
3778,37.78000000000105,0.9999999987391183
3779,37.79000000000105,0.9999999987458874
3780,37.80000000000105,0.9999999987526202
3781,37.81000000000105,0.9999999987593169
3782,37.820000000001045,0.9999999987659777
3783,37.83000000000104,0.9999999987726026
3784,37.84000000000104,0.999999998779192
3785,37.85000000000104,0.9999999987857461
3786,37.86000000000104,0.9999999987922649
3787,37.870000000001035,0.9999999987987487
3788,37.88000000000103,0.9999999988051977
3789,37.89000000000103,0.9999999988116122
3790,37.90000000000103,0.9999999988179922
3791,37.91000000000103,0.9999999988243379
3792,37.920000000001025,0.9999999988306495
3793,37.93000000000102,0.9999999988369273
3794,37.94000000000102,0.9999999988431714
3795,37.95000000000102,0.9999999988493818
3796,37.96000000000102,0.9999999988555591
3797,37.970000000001015,0.9999999988617031
3798,37.98000000000101,0.9999999988678142
3799,37.99000000000101,0.9999999988738925
3800,38.00000000000101,0.9999999988799381
3801,38.01000000000101,0.9999999988859513
3802,38.020000000001005,0.9999999988919321
3803,38.030000000001,0.9999999988978808
3804,38.040000000001,0.9999999989037976
3805,38.050000000001,0.9999999989096827
3806,38.060000000001,0.9999999989155363
3807,38.070000000000995,0.9999999989213583
3808,38.08000000000099,0.9999999989271491
3809,38.09000000000099,0.9999999989329088
3810,38.10000000000099,0.9999999989386376
3811,38.11000000000099,0.9999999989443356
3812,38.120000000000985,0.999999998950003
3813,38.13000000000098,0.9999999989556401
3814,38.14000000000098,0.9999999989612468
3815,38.15000000000098,0.9999999989668235
3816,38.16000000000098,0.9999999989723701
3817,38.170000000000975,0.999999998977887
3818,38.18000000000097,0.9999999989833743
3819,38.19000000000097,0.9999999989888322
3820,38.20000000000097,0.9999999989942607
3821,38.21000000000097,0.9999999989996602
3822,38.220000000000965,0.9999999990050306
3823,38.23000000000096,0.9999999990103722
3824,38.24000000000096,0.999999999015685
3825,38.25000000000096,0.9999999990209695
3826,38.26000000000096,0.9999999990262255
3827,38.270000000000955,0.9999999990314533
3828,38.28000000000095,0.999999999036653
3829,38.29000000000095,0.9999999990418248
3830,38.30000000000095,0.9999999990469689
3831,38.31000000000095,0.9999999990520854
3832,38.320000000000945,0.9999999990571743
3833,38.33000000000094,0.9999999990622359
3834,38.34000000000094,0.9999999990672704
3835,38.35000000000094,0.9999999990722779
3836,38.36000000000094,0.9999999990772585
3837,38.370000000000935,0.9999999990822123
3838,38.38000000000093,0.9999999990871395
3839,38.39000000000093,0.9999999990920403
3840,38.40000000000093,0.9999999990969147
3841,38.41000000000093,0.9999999991017631
3842,38.420000000000925,0.9999999991065853
3843,38.43000000000092,0.9999999991113817
3844,38.44000000000092,0.9999999991161523
3845,38.45000000000092,0.9999999991208973
3846,38.46000000000092,0.9999999991256169
3847,38.470000000000915,0.9999999991303111
3848,38.48000000000091,0.99999999913498
3849,38.49000000000091,0.999999999139624
3850,38.50000000000091,0.9999999991442431
3851,38.51000000000091,0.9999999991488373
3852,38.520000000000906,0.9999999991534069
3853,38.5300000000009,0.9999999991579518
3854,38.5400000000009,0.9999999991624724
3855,38.5500000000009,0.9999999991669688
3856,38.5600000000009,0.999999999171441
3857,38.570000000000896,0.9999999991758892
3858,38.580000000000894,0.9999999991803136
3859,38.59000000000089,0.999999999184714
3860,38.60000000000089,0.999999999189091
3861,38.61000000000089,0.9999999991934445
3862,38.620000000000886,0.9999999991977745
3863,38.630000000000884,0.9999999992020814
3864,38.64000000000088,0.9999999992063651
3865,38.65000000000088,0.9999999992106258
3866,38.66000000000088,0.9999999992148636
3867,38.670000000000876,0.9999999992190787
3868,38.680000000000874,0.9999999992232711
3869,38.69000000000087,0.9999999992274411
3870,38.70000000000087,0.9999999992315887
3871,38.71000000000087,0.9999999992357139
3872,38.720000000000866,0.9999999992398171
3873,38.730000000000864,0.9999999992438982
3874,38.74000000000086,0.9999999992479573
3875,38.75000000000086,0.9999999992519948
3876,38.76000000000086,0.9999999992560105
3877,38.770000000000856,0.9999999992600047
3878,38.780000000000854,0.9999999992639774
3879,38.79000000000085,0.9999999992679288
3880,38.80000000000085,0.999999999271859
3881,38.81000000000085,0.9999999992757681
3882,38.820000000000846,0.9999999992796562
3883,38.830000000000844,0.9999999992835235
3884,38.84000000000084,0.9999999992873699
3885,38.85000000000084,0.9999999992911958
3886,38.86000000000084,0.999999999295001
3887,38.870000000000836,0.9999999992987859
3888,38.880000000000834,0.9999999993025505
3889,38.89000000000083,0.9999999993062948
3890,38.90000000000083,0.9999999993100189
3891,38.91000000000083,0.9999999993137232
3892,38.920000000000826,0.9999999993174076
3893,38.930000000000824,0.9999999993210721
3894,38.94000000000082,0.999999999324717
3895,38.95000000000082,0.9999999993283423
3896,38.96000000000082,0.9999999993319482
3897,38.970000000000816,0.9999999993355346
3898,38.980000000000814,0.9999999993391019
3899,38.99000000000081,0.99999999934265
3900,39.00000000000081,0.999999999346179
3901,39.01000000000081,0.9999999993496892
3902,39.020000000000806,0.9999999993531804
3903,39.030000000000804,0.999999999356653
3904,39.0400000000008,0.9999999993601068
3905,39.0500000000008,0.9999999993635421
3906,39.0600000000008,0.999999999366959
3907,39.070000000000796,0.9999999993703576
3908,39.080000000000794,0.9999999993737378
3909,39.09000000000079,0.9999999993770999
3910,39.10000000000079,0.999999999380444
3911,39.11000000000079,0.9999999993837703
3912,39.120000000000786,0.9999999993870785
3913,39.130000000000784,0.999999999390369
3914,39.14000000000078,0.9999999993936419
3915,39.15000000000078,0.9999999993968972
3916,39.16000000000078,0.999999999400135
3917,39.170000000000776,0.9999999994033555
3918,39.180000000000774,0.9999999994065586
3919,39.19000000000077,0.9999999994097445
3920,39.20000000000077,0.9999999994129134
3921,39.21000000000077,0.9999999994160652
3922,39.220000000000766,0.9999999994192001
3923,39.230000000000764,0.9999999994223182
3924,39.24000000000076,0.9999999994254195
3925,39.25000000000076,0.9999999994285043
3926,39.26000000000076,0.9999999994315724
3927,39.270000000000756,0.999999999434624
3928,39.280000000000754,0.9999999994376593
3929,39.29000000000075,0.9999999994406783
3930,39.30000000000075,0.999999999443681
3931,39.31000000000075,0.9999999994466677
3932,39.320000000000746,0.9999999994496382
3933,39.330000000000744,0.999999999452593
3934,39.34000000000074,0.9999999994555318
3935,39.35000000000074,0.9999999994584547
3936,39.36000000000074,0.9999999994613621
3937,39.370000000000736,0.9999999994642539
3938,39.380000000000734,0.99999999946713
3939,39.39000000000073,0.9999999994699909
3940,39.40000000000073,0.9999999994728362
3941,39.41000000000073,0.9999999994756663
3942,39.42000000000073,0.9999999994784813
3943,39.430000000000724,0.9999999994812812
3944,39.44000000000072,0.9999999994840659
3945,39.45000000000072,0.9999999994868357
3946,39.46000000000072,0.9999999994895907
3947,39.47000000000072,0.9999999994923309
3948,39.480000000000715,0.9999999994950564
3949,39.49000000000071,0.9999999994977672
3950,39.50000000000071,0.9999999995004635
3951,39.51000000000071,0.9999999995031453
3952,39.52000000000071,0.9999999995058128
3953,39.530000000000705,0.9999999995084659
3954,39.5400000000007,0.9999999995111046
3955,39.5500000000007,0.9999999995137293
3956,39.5600000000007,0.9999999995163399
3957,39.5700000000007,0.9999999995189365
3958,39.580000000000695,0.9999999995215191
3959,39.59000000000069,0.9999999995240879
3960,39.60000000000069,0.9999999995266429
3961,39.61000000000069,0.9999999995291842
3962,39.62000000000069,0.9999999995317117
3963,39.630000000000685,0.9999999995342258
3964,39.64000000000068,0.9999999995367264
3965,39.65000000000068,0.9999999995392135
3966,39.66000000000068,0.9999999995416873
3967,39.67000000000068,0.9999999995441478
3968,39.680000000000675,0.999999999546595
3969,39.69000000000067,0.9999999995490292
3970,39.70000000000067,0.9999999995514502
3971,39.71000000000067,0.9999999995538583
3972,39.72000000000067,0.9999999995562535
3973,39.730000000000665,0.9999999995586358
3974,39.74000000000066,0.9999999995610053
3975,39.75000000000066,0.999999999563362
3976,39.76000000000066,0.9999999995657062
3977,39.77000000000066,0.9999999995680378
3978,39.780000000000655,0.9999999995703568
3979,39.79000000000065,0.9999999995726634
3980,39.80000000000065,0.9999999995749576
3981,39.81000000000065,0.9999999995772395
3982,39.82000000000065,0.9999999995795091
3983,39.830000000000645,0.9999999995817666
3984,39.84000000000064,0.9999999995840119
3985,39.85000000000064,0.9999999995862451
3986,39.86000000000064,0.9999999995884664
3987,39.87000000000064,0.9999999995906758
3988,39.880000000000635,0.9999999995928732
3989,39.89000000000063,0.9999999995950589
3990,39.90000000000063,0.999999999597233
3991,39.91000000000063,0.9999999995993952
3992,39.92000000000063,0.9999999996015458
3993,39.930000000000625,0.999999999603685
3994,39.94000000000062,0.9999999996058127
3995,39.95000000000062,0.999999999607929
3996,39.96000000000062,0.9999999996100338
3997,39.97000000000062,0.9999999996121274
3998,39.980000000000615,0.9999999996142097
3999,39.99000000000061,0.9999999996162808
4000,40.00000000000061,0.9999999996183409
4001,40.01000000000061,0.9999999996203899
4002,40.02000000000061,0.9999999996224278
4003,40.030000000000605,0.9999999996244548
4004,40.0400000000006,0.999999999626471
4005,40.0500000000006,0.9999999996284763
4006,40.0600000000006,0.9999999996304709
4007,40.0700000000006,0.9999999996324548
4008,40.080000000000595,0.999999999634428
4009,40.09000000000059,0.9999999996363905
4010,40.10000000000059,0.9999999996383426
4011,40.11000000000059,0.9999999996402842
4012,40.12000000000059,0.9999999996422154
4013,40.130000000000585,0.9999999996441362
4014,40.14000000000058,0.9999999996460467
4015,40.15000000000058,0.999999999647947
4016,40.16000000000058,0.9999999996498369
4017,40.17000000000058,0.9999999996517168
4018,40.180000000000575,0.9999999996535867
4019,40.19000000000057,0.9999999996554464
4020,40.20000000000057,0.9999999996572961
4021,40.21000000000057,0.999999999659136
4022,40.22000000000057,0.999999999660966
4023,40.230000000000565,0.9999999996627861
4024,40.24000000000056,0.9999999996645964
4025,40.25000000000056,0.9999999996663971
4026,40.26000000000056,0.9999999996681881
4027,40.27000000000056,0.9999999996699694
4028,40.280000000000555,0.9999999996717412
4029,40.29000000000055,0.9999999996735035
4030,40.30000000000055,0.9999999996752563
4031,40.31000000000055,0.9999999996769997
4032,40.32000000000055,0.9999999996787338
4033,40.330000000000545,0.9999999996804585
4034,40.34000000000054,0.999999999682174
4035,40.35000000000054,0.9999999996838803
4036,40.36000000000054,0.9999999996855774
4037,40.37000000000054,0.9999999996872654
4038,40.380000000000535,0.9999999996889444
4039,40.39000000000053,0.9999999996906143
4040,40.40000000000053,0.9999999996922753
4041,40.41000000000053,0.9999999996939273
4042,40.42000000000053,0.9999999996955705
4043,40.430000000000526,0.9999999996972049
4044,40.44000000000052,0.9999999996988305
4045,40.45000000000052,0.9999999997004473
4046,40.46000000000052,0.9999999997020554
4047,40.47000000000052,0.999999999703655
4048,40.480000000000516,0.999999999705246
4049,40.490000000000514,0.9999999997068284
4050,40.50000000000051,0.9999999997084024
4051,40.51000000000051,0.9999999997099678
4052,40.52000000000051,0.9999999997115249
4053,40.530000000000506,0.9999999997130735
4054,40.540000000000504,0.999999999714614
4055,40.5500000000005,0.9999999997161461
4056,40.5600000000005,0.99999999971767
4057,40.5700000000005,0.9999999997191856
4058,40.580000000000496,0.9999999997206933
4059,40.590000000000494,0.9999999997221928
4060,40.60000000000049,0.9999999997236841
4061,40.61000000000049,0.9999999997251676
4062,40.62000000000049,0.9999999997266431
4063,40.630000000000486,0.9999999997281106
4064,40.640000000000484,0.9999999997295703
4065,40.65000000000048,0.999999999731022
4066,40.66000000000048,0.9999999997324661
4067,40.67000000000048,0.9999999997339024
4068,40.680000000000476,0.9999999997353309
4069,40.690000000000474,0.9999999997367519
4070,40.70000000000047,0.9999999997381651
4071,40.71000000000047,0.9999999997395709
4072,40.72000000000047,0.999999999740969
4073,40.730000000000466,0.9999999997423596
4074,40.740000000000464,0.9999999997437428
4075,40.75000000000046,0.9999999997451186
4076,40.76000000000046,0.9999999997464869
4077,40.77000000000046,0.9999999997478479
4078,40.780000000000456,0.9999999997492016
4079,40.790000000000454,0.999999999750548
4080,40.80000000000045,0.9999999997518872
4081,40.81000000000045,0.9999999997532193
4082,40.82000000000045,0.9999999997545441
4083,40.830000000000446,0.9999999997558618
4084,40.840000000000444,0.9999999997571726
4085,40.85000000000044,0.9999999997584762
4086,40.86000000000044,0.9999999997597728
4087,40.87000000000044,0.9999999997610625
4088,40.880000000000436,0.9999999997623452
4089,40.890000000000434,0.9999999997636211
4090,40.90000000000043,0.9999999997648902
4091,40.91000000000043,0.9999999997661524
4092,40.92000000000043,0.9999999997674078
4093,40.930000000000426,0.9999999997686565
4094,40.940000000000424,0.9999999997698985
4095,40.95000000000042,0.9999999997711339
4096,40.96000000000042,0.9999999997723625
4097,40.97000000000042,0.9999999997735846
4098,40.980000000000416,0.9999999997748001
4099,40.990000000000414,0.9999999997760092
4100,41.00000000000041,0.9999999997772117
4101,41.01000000000041,0.9999999997784077
4102,41.02000000000041,0.9999999997795973
4103,41.030000000000406,0.9999999997807806
4104,41.040000000000404,0.9999999997819575
4105,41.0500000000004,0.999999999783128
4106,41.0600000000004,0.9999999997842923
4107,41.0700000000004,0.9999999997854504
4108,41.080000000000396,0.9999999997866023
4109,41.090000000000394,0.9999999997877479
4110,41.10000000000039,0.9999999997888874
4111,41.11000000000039,0.9999999997900207
4112,41.12000000000039,0.9999999997911481
4113,41.130000000000386,0.9999999997922693
4114,41.140000000000384,0.9999999997933845
4115,41.15000000000038,0.9999999997944937
4116,41.16000000000038,0.9999999997955971
4117,41.17000000000038,0.9999999997966944
4118,41.180000000000376,0.9999999997977859
4119,41.190000000000374,0.9999999997988714
4120,41.20000000000037,0.9999999997999512
4121,41.21000000000037,0.9999999998010253
4122,41.22000000000037,0.9999999998020934
4123,41.230000000000366,0.9999999998031559
4124,41.240000000000364,0.9999999998042127
4125,41.25000000000036,0.9999999998052638
4126,41.26000000000036,0.9999999998063093
4127,41.27000000000036,0.9999999998073491
4128,41.280000000000356,0.9999999998083834
4129,41.290000000000354,0.9999999998094121
4130,41.30000000000035,0.9999999998104353
4131,41.31000000000035,0.9999999998114529
4132,41.32000000000035,0.9999999998124652
4133,41.33000000000035,0.999999999813472
4134,41.340000000000344,0.9999999998144734
4135,41.35000000000034,0.9999999998154694
4136,41.36000000000034,0.99999999981646
4137,41.37000000000034,0.9999999998174455
4138,41.38000000000034,0.9999999998184255
4139,41.390000000000335,0.9999999998194002
4140,41.40000000000033,0.9999999998203698
4141,41.41000000000033,0.9999999998213343
4142,41.42000000000033,0.9999999998222934
4143,41.43000000000033,0.9999999998232474
4144,41.440000000000325,0.9999999998241963
4145,41.45000000000032,0.9999999998251402
4146,41.46000000000032,0.9999999998260789
4147,41.47000000000032,0.9999999998270126
4148,41.48000000000032,0.9999999998279413
4149,41.490000000000315,0.999999999828865
4150,41.50000000000031,0.9999999998297838
4151,41.51000000000031,0.9999999998306977
4152,41.52000000000031,0.9999999998316065
4153,41.53000000000031,0.9999999998325105
4154,41.540000000000305,0.9999999998334097
4155,41.5500000000003,0.9999999998343041
4156,41.5600000000003,0.9999999998351936
4157,41.5700000000003,0.9999999998360785
4158,41.5800000000003,0.9999999998369584
4159,41.590000000000295,0.9999999998378337
4160,41.60000000000029,0.9999999998387044
4161,41.61000000000029,0.9999999998395703
4162,41.62000000000029,0.9999999998404315
4163,41.63000000000029,0.9999999998412883
4164,41.640000000000285,0.9999999998421403
4165,41.65000000000028,0.9999999998429878
4166,41.66000000000028,0.9999999998438307
4167,41.67000000000028,0.9999999998446691
4168,41.68000000000028,0.999999999845503
4169,41.690000000000275,0.9999999998463325
4170,41.70000000000027,0.9999999998471575
4171,41.71000000000027,0.999999999847978
4172,41.72000000000027,0.9999999998487942
4173,41.73000000000027,0.9999999998496059
4174,41.740000000000265,0.9999999998504133
4175,41.75000000000026,0.9999999998512163
4176,41.76000000000026,0.9999999998520152
4177,41.77000000000026,0.9999999998528096
4178,41.78000000000026,0.9999999998535998
4179,41.790000000000255,0.9999999998543858
4180,41.80000000000025,0.9999999998551675
4181,41.81000000000025,0.999999999855945
4182,41.82000000000025,0.9999999998567184
4183,41.83000000000025,0.9999999998574877
4184,41.840000000000245,0.9999999998582527
4185,41.85000000000024,0.9999999998590138
4186,41.86000000000024,0.9999999998597706
4187,41.87000000000024,0.9999999998605235
4188,41.88000000000024,0.9999999998612723
4189,41.890000000000235,0.999999999862017
4190,41.90000000000023,0.9999999998627578
4191,41.91000000000023,0.9999999998634946
4192,41.92000000000023,0.9999999998642275
4193,41.93000000000023,0.9999999998649564
4194,41.940000000000225,0.9999999998656813
4195,41.95000000000022,0.9999999998664024
4196,41.96000000000022,0.9999999998671196
4197,41.97000000000022,0.9999999998678331
4198,41.98000000000022,0.9999999998685426
4199,41.990000000000215,0.9999999998692484
4200,42.00000000000021,0.9999999998699503
4201,42.01000000000021,0.9999999998706485
4202,42.02000000000021,0.9999999998713429
4203,42.03000000000021,0.9999999998720336
4204,42.040000000000205,0.9999999998727206
4205,42.0500000000002,0.9999999998734039
4206,42.0600000000002,0.9999999998740836
4207,42.0700000000002,0.9999999998747596
4208,42.0800000000002,0.999999999875432
4209,42.090000000000195,0.9999999998761007
4210,42.10000000000019,0.9999999998767659
4211,42.11000000000019,0.9999999998774275
4212,42.12000000000019,0.9999999998780855
4213,42.13000000000019,0.99999999987874
4214,42.140000000000185,0.999999999879391
4215,42.15000000000018,0.9999999998800385
4216,42.16000000000018,0.9999999998806826
4217,42.17000000000018,0.999999999881323
4218,42.18000000000018,0.9999999998819602
4219,42.190000000000175,0.9999999998825939
4220,42.20000000000017,0.9999999998832242
4221,42.21000000000017,0.9999999998838511
4222,42.22000000000017,0.9999999998844747
4223,42.23000000000017,0.9999999998850949
4224,42.240000000000165,0.9999999998857118
4225,42.25000000000016,0.9999999998863254
4226,42.26000000000016,0.9999999998869357
4227,42.27000000000016,0.9999999998875426
4228,42.28000000000016,0.9999999998881464
4229,42.290000000000155,0.9999999998887469
4230,42.30000000000015,0.9999999998893442
4231,42.31000000000015,0.9999999998899383
4232,42.32000000000015,0.9999999998905291
4233,42.33000000000015,0.9999999998911168
4234,42.340000000000146,0.9999999998917013
4235,42.35000000000014,0.9999999998922827
4236,42.36000000000014,0.999999999892861
4237,42.37000000000014,0.9999999998934362
4238,42.38000000000014,0.9999999998940083
4239,42.390000000000136,0.9999999998945773
4240,42.400000000000134,0.9999999998951433
4241,42.41000000000013,0.9999999998957062
4242,42.42000000000013,0.9999999998962662
4243,42.43000000000013,0.9999999998968231
4244,42.440000000000126,0.999999999897377
4245,42.450000000000124,0.999999999897928
4246,42.46000000000012,0.9999999998984759
4247,42.47000000000012,0.999999999899021
4248,42.48000000000012,0.9999999998995631
4249,42.490000000000116,0.9999999999001022
4250,42.500000000000114,0.9999999999006386
4251,42.51000000000011,0.999999999901172
4252,42.52000000000011,0.9999999999017026
4253,42.53000000000011,0.9999999999022303
4254,42.540000000000106,0.9999999999027552
4255,42.550000000000104,0.9999999999032773
4256,42.5600000000001,0.9999999999037965
4257,42.5700000000001,0.999999999904313
4258,42.5800000000001,0.9999999999048267
4259,42.590000000000096,0.9999999999053376
4260,42.600000000000094,0.9999999999058459
4261,42.61000000000009,0.9999999999063514
4262,42.62000000000009,0.9999999999068541
4263,42.63000000000009,0.9999999999073541
4264,42.640000000000086,0.9999999999078515
4265,42.650000000000084,0.9999999999083462
4266,42.66000000000008,0.9999999999088383
4267,42.67000000000008,0.9999999999093278
4268,42.68000000000008,0.9999999999098145
4269,42.690000000000076,0.9999999999102986
4270,42.700000000000074,0.9999999999107803
4271,42.71000000000007,0.9999999999112592
4272,42.72000000000007,0.9999999999117356
4273,42.73000000000007,0.9999999999122094
4274,42.740000000000066,0.9999999999126807
4275,42.750000000000064,0.9999999999131496
4276,42.76000000000006,0.9999999999136159
4277,42.77000000000006,0.9999999999140796
4278,42.78000000000006,0.9999999999145409
4279,42.790000000000056,0.9999999999149997
4280,42.800000000000054,0.999999999915456
4281,42.81000000000005,0.9999999999159099
4282,42.82000000000005,0.9999999999163613
4283,42.83000000000005,0.9999999999168103
4284,42.840000000000046,0.999999999917257
4285,42.850000000000044,0.9999999999177012
4286,42.86000000000004,0.999999999918143
4287,42.87000000000004,0.9999999999185825
4288,42.88000000000004,0.9999999999190196
4289,42.890000000000036,0.9999999999194543
4290,42.900000000000034,0.9999999999198868
4291,42.91000000000003,0.9999999999203169
4292,42.92000000000003,0.9999999999207446
4293,42.93000000000003,0.9999999999211701
4294,42.940000000000026,0.9999999999215933
4295,42.950000000000024,0.9999999999220143
4296,42.96000000000002,0.9999999999224329
4297,42.97000000000002,0.9999999999228494
4298,42.98000000000002,0.9999999999232635
4299,42.990000000000016,0.9999999999236755
4300,43.000000000000014,0.9999999999240853
4301,43.01000000000001,0.9999999999244928
4302,43.02000000000001,0.9999999999248982
4303,43.03000000000001,0.9999999999253013
4304,43.040000000000006,0.9999999999257024
4305,43.050000000000004,0.9999999999261012
4306,43.06,0.999999999926498
4307,43.07,0.9999999999268926
4308,43.08,0.999999999927285
4309,43.089999999999996,0.9999999999276754
4310,43.099999999999994,0.9999999999280638
4311,43.10999999999999,0.9999999999284499
4312,43.11999999999999,0.999999999928834
4313,43.12999999999999,0.9999999999292162
4314,43.139999999999986,0.9999999999295961
4315,43.149999999999984,0.9999999999299741
4316,43.15999999999998,0.99999999993035
4317,43.16999999999998,0.999999999930724
4318,43.17999999999998,0.9999999999310959
4319,43.189999999999976,0.9999999999314658
4320,43.199999999999974,0.9999999999318337
4321,43.20999999999997,0.9999999999321997
4322,43.21999999999997,0.9999999999325637
4323,43.22999999999997,0.9999999999329258
4324,43.23999999999997,0.9999999999332858
4325,43.249999999999964,0.999999999933644
4326,43.25999999999996,0.9999999999340002
4327,43.26999999999996,0.9999999999343545
4328,43.27999999999996,0.999999999934707
4329,43.28999999999996,0.9999999999350575
4330,43.299999999999955,0.9999999999354061
4331,43.30999999999995,0.999999999935753
4332,43.31999999999995,0.9999999999360979
4333,43.32999999999995,0.999999999936441
4334,43.33999999999995,0.9999999999367821
4335,43.349999999999945,0.9999999999371215
4336,43.35999999999994,0.9999999999374591
4337,43.36999999999994,0.9999999999377949
4338,43.37999999999994,0.9999999999381288
4339,43.38999999999994,0.999999999938461
4340,43.399999999999935,0.9999999999387913
4341,43.40999999999993,0.9999999999391199
4342,43.41999999999993,0.9999999999394468
4343,43.42999999999993,0.9999999999397718
4344,43.43999999999993,0.9999999999400953
4345,43.449999999999925,0.9999999999404168
4346,43.45999999999992,0.9999999999407367
4347,43.46999999999992,0.9999999999410548
4348,43.47999999999992,0.9999999999413713
4349,43.48999999999992,0.9999999999416861
4350,43.499999999999915,0.9999999999419992
4351,43.50999999999991,0.9999999999423105
4352,43.51999999999991,0.9999999999426202
4353,43.52999999999991,0.9999999999429283
4354,43.53999999999991,0.9999999999432346
4355,43.549999999999905,0.9999999999435394
4356,43.5599999999999,0.9999999999438425
4357,43.5699999999999,0.999999999944144
4358,43.5799999999999,0.9999999999444439
4359,43.5899999999999,0.9999999999447421
4360,43.599999999999895,0.9999999999450387
4361,43.60999999999989,0.9999999999453338
4362,43.61999999999989,0.9999999999456274
4363,43.62999999999989,0.9999999999459193
4364,43.63999999999989,0.9999999999462096
4365,43.649999999999885,0.9999999999464984
4366,43.65999999999988,0.9999999999467856
4367,43.66999999999988,0.9999999999470712
4368,43.67999999999988,0.9999999999473554
4369,43.68999999999988,0.9999999999476381
4370,43.699999999999875,0.9999999999479192
4371,43.70999999999987,0.9999999999481988
4372,43.71999999999987,0.9999999999484769
4373,43.72999999999987,0.9999999999487534
4374,43.73999999999987,0.9999999999490286
4375,43.749999999999865,0.9999999999493022
4376,43.75999999999986,0.9999999999495744
4377,43.76999999999986,0.9999999999498451
4378,43.77999999999986,0.9999999999501143
4379,43.78999999999986,0.9999999999503822
4380,43.799999999999855,0.9999999999506486
4381,43.80999999999985,0.9999999999509135
4382,43.81999999999985,0.999999999951177
4383,43.82999999999985,0.9999999999514392
4384,43.83999999999985,0.9999999999516999
4385,43.849999999999845,0.9999999999519592
4386,43.85999999999984,0.9999999999522171
4387,43.86999999999984,0.9999999999524736
4388,43.87999999999984,0.9999999999527288
4389,43.88999999999984,0.9999999999529825
4390,43.899999999999835,0.999999999953235
4391,43.90999999999983,0.999999999953486
4392,43.91999999999983,0.9999999999537358
4393,43.92999999999983,0.9999999999539841
4394,43.93999999999983,0.9999999999542312
4395,43.949999999999825,0.9999999999544769
4396,43.95999999999982,0.9999999999547212
4397,43.96999999999982,0.9999999999549644
4398,43.97999999999982,0.9999999999552062
4399,43.98999999999982,0.9999999999554466
4400,43.999999999999815,0.9999999999556858
4401,44.00999999999981,0.9999999999559237
4402,44.01999999999981,0.9999999999561603
4403,44.02999999999981,0.9999999999563957
4404,44.03999999999981,0.9999999999566298
4405,44.049999999999805,0.9999999999568626
4406,44.0599999999998,0.9999999999570942
4407,44.0699999999998,0.9999999999573246
4408,44.0799999999998,0.9999999999575536
4409,44.0899999999998,0.9999999999577815
4410,44.099999999999795,0.9999999999580081
4411,44.10999999999979,0.9999999999582336
4412,44.11999999999979,0.9999999999584579
4413,44.12999999999979,0.9999999999586808
4414,44.13999999999979,0.9999999999589027
4415,44.149999999999785,0.9999999999591234
4416,44.15999999999978,0.9999999999593427
4417,44.16999999999978,0.999999999959561
4418,44.17999999999978,0.9999999999597782
4419,44.18999999999978,0.9999999999599941
4420,44.199999999999775,0.9999999999602088
4421,44.20999999999977,0.9999999999604225
4422,44.21999999999977,0.9999999999606349
4423,44.22999999999977,0.9999999999608463
4424,44.23999999999977,0.9999999999610565
4425,44.249999999999766,0.9999999999612655
4426,44.25999999999976,0.9999999999614735
4427,44.26999999999976,0.9999999999616803
4428,44.27999999999976,0.999999999961886
4429,44.28999999999976,0.9999999999620907
4430,44.299999999999756,0.9999999999622943
4431,44.309999999999754,0.9999999999624967
4432,44.31999999999975,0.999999999962698
4433,44.32999999999975,0.9999999999628982
4434,44.33999999999975,0.9999999999630974
4435,44.349999999999746,0.9999999999632956
4436,44.359999999999744,0.9999999999634926
4437,44.36999999999974,0.9999999999636886
4438,44.37999999999974,0.9999999999638836
4439,44.38999999999974,0.9999999999640774
4440,44.399999999999736,0.9999999999642702
4441,44.409999999999734,0.9999999999644621
4442,44.41999999999973,0.9999999999646529
4443,44.42999999999973,0.9999999999648427
4444,44.43999999999973,0.9999999999650314
4445,44.449999999999726,0.9999999999652192
4446,44.459999999999724,0.9999999999654059
4447,44.46999999999972,0.9999999999655916
4448,44.47999999999972,0.9999999999657763
4449,44.48999999999972,0.99999999996596
4450,44.499999999999716,0.9999999999661427
4451,44.509999999999714,0.9999999999663246
4452,44.51999999999971,0.9999999999665053
4453,44.52999999999971,0.9999999999666852
4454,44.53999999999971,0.9999999999668641
4455,44.549999999999706,0.9999999999670419
4456,44.559999999999704,0.9999999999672189
4457,44.5699999999997,0.9999999999673949
4458,44.5799999999997,0.9999999999675699
4459,44.5899999999997,0.999999999967744
4460,44.599999999999696,0.9999999999679171
4461,44.609999999999694,0.9999999999680894
4462,44.61999999999969,0.9999999999682607
4463,44.62999999999969,0.9999999999684311
4464,44.63999999999969,0.9999999999686006
4465,44.649999999999686,0.9999999999687692
4466,44.659999999999684,0.9999999999689368
4467,44.66999999999968,0.9999999999691036
4468,44.67999999999968,0.9999999999692695
4469,44.68999999999968,0.9999999999694344
4470,44.699999999999676,0.9999999999695985
4471,44.709999999999674,0.9999999999697617
4472,44.71999999999967,0.9999999999699241
4473,44.72999999999967,0.9999999999700856
4474,44.73999999999967,0.9999999999702461
4475,44.749999999999666,0.9999999999704059
4476,44.759999999999664,0.9999999999705648
4477,44.76999999999966,0.9999999999707228
4478,44.77999999999966,0.99999999997088
4479,44.78999999999966,0.9999999999710363
4480,44.799999999999656,0.9999999999711918
4481,44.809999999999654,0.9999999999713465
4482,44.81999999999965,0.9999999999715002
4483,44.82999999999965,0.9999999999716533
4484,44.83999999999965,0.9999999999718054
4485,44.849999999999646,0.9999999999719569
4486,44.859999999999644,0.9999999999721074
4487,44.86999999999964,0.9999999999722572
4488,44.87999999999964,0.9999999999724061
4489,44.88999999999964,0.9999999999725542
4490,44.899999999999636,0.9999999999727016
4491,44.909999999999634,0.9999999999728482
4492,44.91999999999963,0.9999999999729939
4493,44.92999999999963,0.9999999999731389
4494,44.93999999999963,0.999999999973283
4495,44.949999999999626,0.9999999999734265
4496,44.959999999999624,0.9999999999735691
4497,44.96999999999962,0.999999999973711
4498,44.97999999999962,0.9999999999738522
4499,44.98999999999962,0.9999999999739926
4500,44.999999999999616,0.9999999999741322
4501,45.009999999999614,0.9999999999742711
4502,45.01999999999961,0.9999999999744092
4503,45.02999999999961,0.9999999999745466
4504,45.03999999999961,0.9999999999746833
4505,45.049999999999606,0.9999999999748191
4506,45.059999999999604,0.9999999999749544
4507,45.0699999999996,0.9999999999750888
4508,45.0799999999996,0.9999999999752226
4509,45.0899999999996,0.9999999999753556
4510,45.099999999999596,0.9999999999754878
4511,45.109999999999594,0.9999999999756195
4512,45.11999999999959,0.9999999999757504
4513,45.12999999999959,0.9999999999758805
4514,45.13999999999959,0.9999999999760101
4515,45.14999999999959,0.9999999999761389
4516,45.159999999999584,0.999999999976267
4517,45.16999999999958,0.9999999999763943
4518,45.17999999999958,0.9999999999765211
4519,45.18999999999958,0.9999999999766471
4520,45.19999999999958,0.9999999999767725
4521,45.209999999999575,0.9999999999768971
4522,45.21999999999957,0.9999999999770213
4523,45.22999999999957,0.9999999999771446
4524,45.23999999999957,0.9999999999772673
4525,45.24999999999957,0.9999999999773893
4526,45.259999999999565,0.9999999999775108
4527,45.26999999999956,0.9999999999776314
4528,45.27999999999956,0.9999999999777516
4529,45.28999999999956,0.999999999977871
4530,45.29999999999956,0.9999999999779898
4531,45.309999999999555,0.999999999978108
4532,45.31999999999955,0.9999999999782255
4533,45.32999999999955,0.9999999999783424
4534,45.33999999999955,0.9999999999784587
4535,45.34999999999955,0.9999999999785744
4536,45.359999999999545,0.9999999999786894
4537,45.36999999999954,0.9999999999788037
4538,45.37999999999954,0.9999999999789175
4539,45.38999999999954,0.9999999999790308
4540,45.39999999999954,0.9999999999791434
4541,45.409999999999535,0.9999999999792553
4542,45.41999999999953,0.9999999999793666
4543,45.42999999999953,0.9999999999794774
4544,45.43999999999953,0.9999999999795876
4545,45.44999999999953,0.9999999999796971
4546,45.459999999999525,0.9999999999798062
4547,45.46999999999952,0.9999999999799146
4548,45.47999999999952,0.9999999999800224
4549,45.48999999999952,0.9999999999801297
4550,45.49999999999952,0.9999999999802364
4551,45.509999999999515,0.9999999999803425
4552,45.51999999999951,0.999999999980448
4553,45.52999999999951,0.999999999980553
4554,45.53999999999951,0.9999999999806574
4555,45.54999999999951,0.9999999999807612
4556,45.559999999999505,0.9999999999808645
4557,45.5699999999995,0.9999999999809672
4558,45.5799999999995,0.9999999999810694
4559,45.5899999999995,0.9999999999811711
4560,45.5999999999995,0.9999999999812721
4561,45.609999999999495,0.9999999999813727
4562,45.61999999999949,0.9999999999814727
4563,45.62999999999949,0.9999999999815721
4564,45.63999999999949,0.9999999999816711
4565,45.64999999999949,0.9999999999817695
4566,45.659999999999485,0.9999999999818673
4567,45.66999999999948,0.9999999999819646
4568,45.67999999999948,0.9999999999820615
4569,45.68999999999948,0.9999999999821578
4570,45.69999999999948,0.9999999999822536
4571,45.709999999999475,0.9999999999823489
4572,45.71999999999947,0.9999999999824436
4573,45.72999999999947,0.9999999999825379
4574,45.73999999999947,0.9999999999826317
4575,45.74999999999947,0.9999999999827249
4576,45.759999999999465,0.9999999999828176
4577,45.76999999999946,0.9999999999829099
4578,45.77999999999946,0.9999999999830016
4579,45.78999999999946,0.9999999999830929
4580,45.79999999999946,0.9999999999831837
4581,45.809999999999455,0.9999999999832739
4582,45.81999999999945,0.9999999999833638
4583,45.82999999999945,0.999999999983453
4584,45.83999999999945,0.9999999999835418
4585,45.84999999999945,0.9999999999836302
4586,45.859999999999445,0.9999999999837181
4587,45.86999999999944,0.9999999999838055
4588,45.87999999999944,0.9999999999838924
4589,45.88999999999944,0.9999999999839789
4590,45.89999999999944,0.999999999984065
4591,45.909999999999435,0.9999999999841505
4592,45.91999999999943,0.9999999999842356
4593,45.92999999999943,0.9999999999843202
4594,45.93999999999943,0.9999999999844044
4595,45.94999999999943,0.9999999999844882
4596,45.959999999999425,0.9999999999845715
4597,45.96999999999942,0.9999999999846543
4598,45.97999999999942,0.9999999999847367
4599,45.98999999999942,0.9999999999848186
4600,45.99999999999942,0.9999999999849001
4601,46.009999999999415,0.9999999999849811
4602,46.01999999999941,0.9999999999850617
4603,46.02999999999941,0.999999999985142
4604,46.03999999999941,0.9999999999852217
4605,46.04999999999941,0.9999999999853011
4606,46.059999999999405,0.99999999998538
4607,46.0699999999994,0.9999999999854585
4608,46.0799999999994,0.9999999999855366
4609,46.0899999999994,0.9999999999856142
4610,46.0999999999994,0.9999999999856914
4611,46.109999999999395,0.9999999999857683
4612,46.11999999999939,0.9999999999858447
4613,46.12999999999939,0.9999999999859206
4614,46.13999999999939,0.9999999999859962
4615,46.14999999999939,0.9999999999860714
4616,46.159999999999386,0.9999999999861462
4617,46.16999999999938,0.9999999999862206
4618,46.17999999999938,0.9999999999862945
4619,46.18999999999938,0.9999999999863681
4620,46.19999999999938,0.9999999999864413
4621,46.209999999999376,0.9999999999865141
4622,46.219999999999374,0.9999999999865865
4623,46.22999999999937,0.9999999999866586
4624,46.23999999999937,0.9999999999867302
4625,46.24999999999937,0.9999999999868013
4626,46.259999999999366,0.9999999999868723
4627,46.269999999999364,0.9999999999869427
4628,46.27999999999936,0.9999999999870128
4629,46.28999999999936,0.9999999999870826
4630,46.29999999999936,0.9999999999871519
4631,46.309999999999356,0.9999999999872209
4632,46.319999999999354,0.9999999999872895
4633,46.32999999999935,0.9999999999873577
4634,46.33999999999935,0.9999999999874256
4635,46.34999999999935,0.9999999999874931
4636,46.359999999999346,0.9999999999875603
4637,46.369999999999344,0.999999999987627
4638,46.37999999999934,0.9999999999876934
4639,46.38999999999934,0.9999999999877596
4640,46.39999999999934,0.9999999999878252
4641,46.409999999999336,0.9999999999878906
4642,46.419999999999334,0.9999999999879556
4643,46.42999999999933,0.9999999999880202
4644,46.43999999999933,0.9999999999880846
4645,46.44999999999933,0.9999999999881486
4646,46.459999999999326,0.9999999999882122
4647,46.469999999999324,0.9999999999882755
4648,46.47999999999932,0.9999999999883384
4649,46.48999999999932,0.9999999999884011
4650,46.49999999999932,0.9999999999884633
4651,46.509999999999316,0.9999999999885252
4652,46.519999999999314,0.9999999999885868
4653,46.52999999999931,0.9999999999886481
4654,46.53999999999931,0.999999999988709
4655,46.54999999999931,0.9999999999887697
4656,46.559999999999306,0.9999999999888299
4657,46.569999999999304,0.9999999999888899
4658,46.5799999999993,0.9999999999889496
4659,46.5899999999993,0.9999999999890089
4660,46.5999999999993,0.9999999999890679
4661,46.609999999999296,0.9999999999891266
4662,46.619999999999294,0.999999999989185
4663,46.62999999999929,0.999999999989243
4664,46.63999999999929,0.9999999999893008
4665,46.64999999999929,0.9999999999893582
4666,46.659999999999286,0.9999999999894154
4667,46.669999999999284,0.9999999999894722
4668,46.67999999999928,0.9999999999895287
4669,46.68999999999928,0.9999999999895849
4670,46.69999999999928,0.9999999999896408
4671,46.709999999999276,0.9999999999896965
4672,46.719999999999274,0.9999999999897518
4673,46.72999999999927,0.9999999999898068
4674,46.73999999999927,0.9999999999898616
4675,46.74999999999927,0.999999999989916
4676,46.759999999999266,0.9999999999899701
4677,46.769999999999264,0.999999999990024
4678,46.77999999999926,0.9999999999900775
4679,46.78999999999926,0.9999999999901308
4680,46.79999999999926,0.9999999999901837
4681,46.809999999999256,0.9999999999902365
4682,46.819999999999254,0.9999999999902889
4683,46.82999999999925,0.999999999990341
4684,46.83999999999925,0.9999999999903929
4685,46.84999999999925,0.9999999999904444
4686,46.859999999999246,0.9999999999904957
4687,46.869999999999244,0.9999999999905468
4688,46.87999999999924,0.9999999999905975
4689,46.88999999999924,0.999999999990648
4690,46.89999999999924,0.9999999999906982
4691,46.909999999999236,0.9999999999907482
4692,46.919999999999234,0.9999999999907978
4693,46.92999999999923,0.9999999999908472
4694,46.93999999999923,0.9999999999908964
4695,46.94999999999923,0.9999999999909452
4696,46.959999999999226,0.9999999999909939
4697,46.969999999999224,0.9999999999910422
4698,46.97999999999922,0.9999999999910902
4699,46.98999999999922,0.9999999999911381
4700,46.99999999999922,0.9999999999911857
4701,47.009999999999216,0.999999999991233
4702,47.019999999999214,0.9999999999912801
4703,47.02999999999921,0.9999999999913269
4704,47.03999999999921,0.9999999999913735
4705,47.04999999999921,0.9999999999914198
4706,47.05999999999921,0.9999999999914658
4707,47.069999999999204,0.9999999999915117
4708,47.0799999999992,0.9999999999915572
4709,47.0899999999992,0.9999999999916026
4710,47.0999999999992,0.9999999999916477
4711,47.1099999999992,0.9999999999916925
4712,47.119999999999195,0.999999999991737
4713,47.12999999999919,0.9999999999917815
4714,47.13999999999919,0.9999999999918255
4715,47.14999999999919,0.9999999999918695
4716,47.15999999999919,0.9999999999919131
4717,47.169999999999185,0.9999999999919565
4718,47.17999999999918,0.9999999999919997
4719,47.18999999999918,0.9999999999920427
4720,47.19999999999918,0.9999999999920853
4721,47.20999999999918,0.9999999999921279
4722,47.219999999999175,0.9999999999921702
4723,47.22999999999917,0.9999999999922121
4724,47.23999999999917,0.999999999992254
4725,47.24999999999917,0.9999999999922956
4726,47.25999999999917,0.9999999999923369
4727,47.269999999999165,0.9999999999923781
4728,47.27999999999916,0.999999999992419
4729,47.28999999999916,0.9999999999924597
4730,47.29999999999916,0.9999999999925002
4731,47.30999999999916,0.9999999999925404
4732,47.319999999999155,0.9999999999925805
4733,47.32999999999915,0.9999999999926203
4734,47.33999999999915,0.99999999999266
4735,47.34999999999915,0.9999999999926994
4736,47.35999999999915,0.9999999999927386
4737,47.369999999999145,0.9999999999927776
4738,47.37999999999914,0.9999999999928163
4739,47.38999999999914,0.9999999999928548
4740,47.39999999999914,0.9999999999928932
4741,47.40999999999914,0.9999999999929314
4742,47.419999999999135,0.9999999999929693
4743,47.42999999999913,0.999999999993007
4744,47.43999999999913,0.9999999999930447
4745,47.44999999999913,0.999999999993082
4746,47.45999999999913,0.9999999999931191
4747,47.469999999999125,0.999999999993156
4748,47.47999999999912,0.9999999999931928
4749,47.48999999999912,0.9999999999932293
4750,47.49999999999912,0.9999999999932657
4751,47.50999999999912,0.9999999999933018
4752,47.519999999999115,0.9999999999933378
4753,47.52999999999911,0.9999999999933735
4754,47.53999999999911,0.9999999999934092
4755,47.54999999999911,0.9999999999934446
4756,47.55999999999911,0.9999999999934798
4757,47.569999999999105,0.9999999999935147
4758,47.5799999999991,0.9999999999935496
4759,47.5899999999991,0.9999999999935841
4760,47.5999999999991,0.9999999999936187
4761,47.6099999999991,0.9999999999936529
4762,47.619999999999095,0.9999999999936869
4763,47.62999999999909,0.9999999999937209
4764,47.63999999999909,0.9999999999937546
4765,47.64999999999909,0.9999999999937881
4766,47.65999999999909,0.9999999999938215
4767,47.669999999999085,0.9999999999938546
4768,47.67999999999908,0.9999999999938877
4769,47.68999999999908,0.9999999999939204
4770,47.69999999999908,0.9999999999939531
4771,47.70999999999908,0.9999999999939856
4772,47.719999999999075,0.9999999999940178
4773,47.72999999999907,0.99999999999405
4774,47.73999999999907,0.9999999999940818
4775,47.74999999999907,0.9999999999941137
4776,47.75999999999907,0.9999999999941452
4777,47.769999999999065,0.9999999999941767
4778,47.77999999999906,0.999999999994208
4779,47.78999999999906,0.999999999994239
4780,47.79999999999906,0.99999999999427
4781,47.80999999999906,0.9999999999943008
4782,47.819999999999055,0.9999999999943313
4783,47.82999999999905,0.9999999999943617
4784,47.83999999999905,0.999999999994392
4785,47.84999999999905,0.9999999999944221
4786,47.85999999999905,0.9999999999944521
4787,47.869999999999045,0.9999999999944819
4788,47.87999999999904,0.9999999999945115
4789,47.88999999999904,0.999999999994541
4790,47.89999999999904,0.9999999999945703
4791,47.90999999999904,0.9999999999945994
4792,47.919999999999035,0.9999999999946284
4793,47.92999999999903,0.9999999999946573
4794,47.93999999999903,0.9999999999946859
4795,47.94999999999903,0.9999999999947145
4796,47.95999999999903,0.9999999999947429
4797,47.969999999999025,0.9999999999947711
4798,47.97999999999902,0.9999999999947992
4799,47.98999999999902,0.9999999999948271
4800,47.99999999999902,0.9999999999948549
4801,48.00999999999902,0.9999999999948825
4802,48.019999999999015,0.99999999999491
4803,48.02999999999901,0.9999999999949373
4804,48.03999999999901,0.9999999999949645
4805,48.04999999999901,0.9999999999949916
4806,48.05999999999901,0.9999999999950184
4807,48.069999999999006,0.9999999999950452
4808,48.079999999999,0.9999999999950717
4809,48.089999999999,0.9999999999950983
4810,48.099999999999,0.9999999999951246
4811,48.109999999999,0.9999999999951507
4812,48.119999999998996,0.9999999999951767
4813,48.129999999998994,0.9999999999952026
4814,48.13999999999899,0.9999999999952284
4815,48.14999999999899,0.999999999995254
4816,48.15999999999899,0.9999999999952794
4817,48.169999999998986,0.9999999999953049
4818,48.179999999998984,0.9999999999953301
4819,48.18999999999898,0.9999999999953552
4820,48.19999999999898,0.99999999999538
4821,48.20999999999898,0.9999999999954049
4822,48.219999999998976,0.9999999999954295
4823,48.229999999998974,0.9999999999954541
4824,48.23999999999897,0.9999999999954785
4825,48.24999999999897,0.9999999999955027
4826,48.25999999999897,0.9999999999955269
4827,48.269999999998966,0.9999999999955509
4828,48.279999999998964,0.9999999999955748
4829,48.28999999999896,0.9999999999955985
4830,48.29999999999896,0.9999999999956222
4831,48.30999999999896,0.9999999999956457
4832,48.319999999998956,0.999999999995669
4833,48.329999999998954,0.9999999999956923
4834,48.33999999999895,0.9999999999957154
4835,48.34999999999895,0.9999999999957384
4836,48.35999999999895,0.9999999999957613
4837,48.369999999998946,0.999999999995784
4838,48.379999999998944,0.9999999999958067
4839,48.38999999999894,0.9999999999958292
4840,48.39999999999894,0.9999999999958517
4841,48.40999999999894,0.9999999999958739
4842,48.419999999998936,0.9999999999958961
4843,48.429999999998934,0.999999999995918
4844,48.43999999999893,0.99999999999594
4845,48.44999999999893,0.9999999999959618
4846,48.45999999999893,0.9999999999959834
4847,48.469999999998926,0.9999999999960051
4848,48.479999999998924,0.9999999999960265
4849,48.48999999999892,0.9999999999960478
4850,48.49999999999892,0.999999999996069
4851,48.50999999999892,0.9999999999960901
4852,48.519999999998916,0.9999999999961111
4853,48.529999999998914,0.999999999996132
4854,48.53999999999891,0.9999999999961527
4855,48.54999999999891,0.9999999999961735
4856,48.55999999999891,0.999999999996194
4857,48.569999999998906,0.9999999999962145
4858,48.579999999998904,0.9999999999962348
4859,48.5899999999989,0.999999999996255
4860,48.5999999999989,0.9999999999962751
4861,48.6099999999989,0.9999999999962951
4862,48.619999999998896,0.999999999996315
4863,48.629999999998894,0.9999999999963347
4864,48.63999999999889,0.9999999999963545
4865,48.64999999999889,0.999999999996374
4866,48.65999999999889,0.9999999999963934
4867,48.669999999998886,0.9999999999964129
4868,48.679999999998884,0.9999999999964321
4869,48.68999999999888,0.9999999999964513
4870,48.69999999999888,0.9999999999964703
4871,48.70999999999888,0.9999999999964893
4872,48.719999999998876,0.9999999999965081
4873,48.729999999998874,0.9999999999965269
4874,48.73999999999887,0.9999999999965455
4875,48.74999999999887,0.9999999999965641
4876,48.75999999999887,0.9999999999965825
4877,48.769999999998866,0.9999999999966008
4878,48.779999999998864,0.9999999999966191
4879,48.78999999999886,0.9999999999966372
4880,48.79999999999886,0.9999999999966553
4881,48.80999999999886,0.9999999999966732
4882,48.819999999998856,0.9999999999966911
4883,48.829999999998854,0.9999999999967089
4884,48.83999999999885,0.9999999999967266
4885,48.84999999999885,0.9999999999967442
4886,48.85999999999885,0.9999999999967616
4887,48.869999999998846,0.999999999996779
4888,48.879999999998844,0.9999999999967963
4889,48.88999999999884,0.9999999999968135
4890,48.89999999999884,0.9999999999968306
4891,48.90999999999884,0.9999999999968476
4892,48.919999999998836,0.9999999999968645
4893,48.929999999998834,0.9999999999968814
4894,48.93999999999883,0.9999999999968981
4895,48.94999999999883,0.9999999999969148
4896,48.95999999999883,0.9999999999969313
4897,48.96999999999883,0.9999999999969479
4898,48.979999999998824,0.9999999999969642
4899,48.98999999999882,0.9999999999969805
4900,48.99999999999882,0.9999999999969967
4901,49.00999999999882,0.9999999999970128
4902,49.01999999999882,0.9999999999970289
4903,49.029999999998815,0.9999999999970448
4904,49.03999999999881,0.9999999999970607
4905,49.04999999999881,0.9999999999970764
4906,49.05999999999881,0.9999999999970922
4907,49.06999999999881,0.9999999999971078
4908,49.079999999998805,0.9999999999971233
4909,49.0899999999988,0.9999999999971387
4910,49.0999999999988,0.9999999999971542
4911,49.1099999999988,0.9999999999971694
4912,49.1199999999988,0.9999999999971846
4913,49.129999999998795,0.9999999999971998
4914,49.13999999999879,0.9999999999972148
4915,49.14999999999879,0.9999999999972298
4916,49.15999999999879,0.9999999999972446
4917,49.16999999999879,0.9999999999972594
4918,49.179999999998785,0.9999999999972741
4919,49.18999999999878,0.9999999999972887
4920,49.19999999999878,0.9999999999973033
4921,49.20999999999878,0.9999999999973178
4922,49.21999999999878,0.9999999999973322
4923,49.229999999998775,0.9999999999973466
4924,49.23999999999877,0.9999999999973608
4925,49.24999999999877,0.999999999997375
4926,49.25999999999877,0.999999999997389
4927,49.26999999999877,0.9999999999974031
4928,49.279999999998765,0.999999999997417
4929,49.28999999999876,0.9999999999974308
4930,49.29999999999876,0.9999999999974447
4931,49.30999999999876,0.9999999999974584
4932,49.31999999999876,0.999999999997472
4933,49.329999999998755,0.9999999999974856
4934,49.33999999999875,0.9999999999974991
4935,49.34999999999875,0.9999999999975125
4936,49.35999999999875,0.9999999999975259
4937,49.36999999999875,0.9999999999975392
4938,49.379999999998745,0.9999999999975524
4939,49.38999999999874,0.9999999999975655
4940,49.39999999999874,0.9999999999975786
4941,49.40999999999874,0.9999999999975916
4942,49.41999999999874,0.9999999999976046
4943,49.429999999998735,0.9999999999976174
4944,49.43999999999873,0.9999999999976302
4945,49.44999999999873,0.9999999999976429
4946,49.45999999999873,0.9999999999976555
4947,49.46999999999873,0.9999999999976682
4948,49.479999999998725,0.9999999999976806
4949,49.48999999999872,0.9999999999976932
4950,49.49999999999872,0.9999999999977055
4951,49.50999999999872,0.9999999999977178
4952,49.51999999999872,0.99999999999773
4953,49.529999999998715,0.9999999999977423
4954,49.53999999999871,0.9999999999977544
4955,49.54999999999871,0.9999999999977665
4956,49.55999999999871,0.9999999999977784
4957,49.56999999999871,0.9999999999977904
4958,49.579999999998705,0.9999999999978022
4959,49.5899999999987,0.9999999999978141
4960,49.5999999999987,0.9999999999978257
4961,49.6099999999987,0.9999999999978375
4962,49.6199999999987,0.999999999997849
4963,49.629999999998695,0.9999999999978606
4964,49.63999999999869,0.9999999999978721
4965,49.64999999999869,0.9999999999978836
4966,49.65999999999869,0.9999999999978949
4967,49.66999999999869,0.9999999999979062
4968,49.679999999998685,0.9999999999979174
4969,49.68999999999868,0.9999999999979287
4970,49.69999999999868,0.9999999999979398
4971,49.70999999999868,0.9999999999979509
4972,49.71999999999868,0.9999999999979619
4973,49.729999999998675,0.9999999999979727
4974,49.73999999999867,0.9999999999979836
4975,49.74999999999867,0.9999999999979945
4976,49.75999999999867,0.9999999999980053
4977,49.76999999999867,0.9999999999980159
4978,49.779999999998665,0.9999999999980266
4979,49.78999999999866,0.9999999999980372
4980,49.79999999999866,0.9999999999980478
4981,49.80999999999866,0.9999999999980582
4982,49.81999999999866,0.9999999999980687
4983,49.829999999998655,0.999999999998079
4984,49.83999999999865,0.9999999999980893
4985,49.84999999999865,0.9999999999980996
4986,49.85999999999865,0.9999999999981098
4987,49.86999999999865,0.99999999999812
4988,49.879999999998645,0.99999999999813
4989,49.88999999999864,0.99999999999814
4990,49.89999999999864,0.99999999999815
4991,49.90999999999864,0.99999999999816
4992,49.91999999999864,0.9999999999981699
4993,49.929999999998635,0.9999999999981797
4994,49.93999999999863,0.9999999999981894
4995,49.94999999999863,0.9999999999981992
4996,49.95999999999863,0.9999999999982089
4997,49.96999999999863,0.9999999999982185
4998,49.979999999998626,0.9999999999982281
4999,49.98999999999862,0.9999999999982376
5000,49.99999999999862,0.9999999999982471
5001,50.00999999999862,0.9999999999982565
5002,50.01999999999862,0.9999999999982658
5003,50.029999999998616,0.9999999999982752
5004,50.039999999998614,0.9999999999982844
5005,50.04999999999861,0.9999999999982936
5006,50.05999999999861,0.9999999999983028
5007,50.06999999999861,0.9999999999983119
5008,50.079999999998606,0.999999999998321
5009,50.089999999998604,0.99999999999833
5010,50.0999999999986,0.999999999998339
5011,50.1099999999986,0.9999999999983479
5012,50.1199999999986,0.9999999999983568
5013,50.129999999998596,0.9999999999983655
5014,50.139999999998594,0.9999999999983743
5015,50.14999999999859,0.9999999999983831
5016,50.15999999999859,0.9999999999983917
5017,50.16999999999859,0.9999999999984004
5018,50.179999999998586,0.9999999999984089
5019,50.189999999998584,0.9999999999984175
5020,50.19999999999858,0.999999999998426
5021,50.20999999999858,0.9999999999984345
5022,50.21999999999858,0.9999999999984429
5023,50.229999999998576,0.9999999999984512
5024,50.239999999998574,0.9999999999984596
5025,50.24999999999857,0.9999999999984678
5026,50.25999999999857,0.9999999999984761
5027,50.26999999999857,0.9999999999984842
5028,50.279999999998566,0.9999999999984924
5029,50.289999999998564,0.9999999999985005
5030,50.29999999999856,0.9999999999985085
5031,50.30999999999856,0.9999999999985165
5032,50.31999999999856,0.9999999999985245
5033,50.329999999998556,0.9999999999985324
5034,50.339999999998554,0.9999999999985403
5035,50.34999999999855,0.9999999999985482
5036,50.35999999999855,0.9999999999985559
5037,50.36999999999855,0.9999999999985637
5038,50.379999999998546,0.9999999999985714
5039,50.389999999998544,0.9999999999985791
5040,50.39999999999854,0.9999999999985867
5041,50.40999999999854,0.9999999999985943
5042,50.41999999999854,0.9999999999986019
5043,50.429999999998536,0.9999999999986093
5044,50.439999999998534,0.9999999999986169
5045,50.44999999999853,0.9999999999986242
5046,50.45999999999853,0.9999999999986317
5047,50.46999999999853,0.999999999998639
5048,50.479999999998526,0.9999999999986463
5049,50.489999999998524,0.9999999999986536
5050,50.49999999999852,0.9999999999986608
5051,50.50999999999852,0.999999999998668
5052,50.51999999999852,0.9999999999986752
5053,50.529999999998516,0.9999999999986823
5054,50.539999999998514,0.9999999999986894
5055,50.54999999999851,0.9999999999986964
5056,50.55999999999851,0.9999999999987034
5057,50.56999999999851,0.9999999999987104
5058,50.579999999998506,0.9999999999987172
5059,50.589999999998504,0.9999999999987241
5060,50.5999999999985,0.999999999998731
5061,50.6099999999985,0.9999999999987378
5062,50.6199999999985,0.9999999999987447
5063,50.629999999998496,0.9999999999987513
5064,50.639999999998494,0.9999999999987581
5065,50.64999999999849,0.9999999999987648
5066,50.65999999999849,0.9999999999987713
5067,50.66999999999849,0.999999999998778
5068,50.679999999998486,0.9999999999987845
5069,50.689999999998484,0.9999999999987911
5070,50.69999999999848,0.9999999999987975
5071,50.70999999999848,0.999999999998804
5072,50.71999999999848,0.9999999999988104
5073,50.729999999998476,0.9999999999988168
5074,50.739999999998474,0.9999999999988232
5075,50.74999999999847,0.9999999999988295
5076,50.75999999999847,0.9999999999988358
5077,50.76999999999847,0.999999999998842
5078,50.779999999998466,0.9999999999988483
5079,50.789999999998464,0.9999999999988545
5080,50.79999999999846,0.9999999999988606
5081,50.80999999999846,0.9999999999988667
5082,50.81999999999846,0.9999999999988728
5083,50.829999999998456,0.9999999999988789
5084,50.839999999998454,0.9999999999988849
5085,50.84999999999845,0.9999999999988909
5086,50.85999999999845,0.9999999999988968
5087,50.86999999999845,0.9999999999989028
5088,50.87999999999845,0.9999999999989087
5089,50.889999999998444,0.9999999999989145
5090,50.89999999999844,0.9999999999989203
5091,50.90999999999844,0.9999999999989261
5092,50.91999999999844,0.9999999999989319
5093,50.92999999999844,0.9999999999989376
5094,50.939999999998435,0.9999999999989433
5095,50.94999999999843,0.9999999999989491
5096,50.95999999999843,0.9999999999989546
5097,50.96999999999843,0.9999999999989603
5098,50.97999999999843,0.9999999999989658
5099,50.989999999998425,0.9999999999989714
5100,50.99999999999842,0.9999999999989769
5101,51.00999999999842,0.9999999999989825
5102,51.01999999999842,0.9999999999989879
5103,51.02999999999842,0.9999999999989934
5104,51.039999999998415,0.9999999999989988
5105,51.04999999999841,0.9999999999990041
5106,51.05999999999841,0.9999999999990095
5107,51.06999999999841,0.9999999999990148
5108,51.07999999999841,0.9999999999990201
5109,51.089999999998405,0.9999999999990253
5110,51.0999999999984,0.9999999999990306
5111,51.1099999999984,0.9999999999990358
5112,51.1199999999984,0.999999999999041
5113,51.1299999999984,0.9999999999990461
5114,51.139999999998395,0.9999999999990512
5115,51.14999999999839,0.9999999999990563
5116,51.15999999999839,0.9999999999990614
5117,51.16999999999839,0.9999999999990664
5118,51.17999999999839,0.9999999999990715
5119,51.189999999998385,0.9999999999990764
5120,51.19999999999838,0.9999999999990814
5121,51.20999999999838,0.9999999999990864
5122,51.21999999999838,0.9999999999990913
5123,51.22999999999838,0.9999999999990962
5124,51.239999999998375,0.999999999999101
5125,51.24999999999837,0.9999999999991058
5126,51.25999999999837,0.9999999999991106
5127,51.26999999999837,0.9999999999991154
5128,51.27999999999837,0.9999999999991201
5129,51.289999999998365,0.9999999999991249
5130,51.29999999999836,0.9999999999991296
5131,51.30999999999836,0.9999999999991342
5132,51.31999999999836,0.9999999999991389
5133,51.32999999999836,0.9999999999991436
5134,51.339999999998355,0.9999999999991481
5135,51.34999999999835,0.9999999999991527
5136,51.35999999999835,0.9999999999991572
5137,51.36999999999835,0.9999999999991618
5138,51.37999999999835,0.9999999999991663
5139,51.389999999998345,0.9999999999991708
5140,51.39999999999834,0.9999999999991752
5141,51.40999999999834,0.9999999999991797
5142,51.41999999999834,0.9999999999991841
5143,51.42999999999834,0.9999999999991884
5144,51.439999999998335,0.9999999999991929
5145,51.44999999999833,0.9999999999991972
5146,51.45999999999833,0.9999999999992014
5147,51.46999999999833,0.9999999999992057
5148,51.47999999999833,0.99999999999921
5149,51.489999999998325,0.9999999999992143
5150,51.49999999999832,0.9999999999992185
5151,51.50999999999832,0.9999999999992227
5152,51.51999999999832,0.9999999999992268
5153,51.52999999999832,0.9999999999992311
5154,51.539999999998315,0.9999999999992352
5155,51.54999999999831,0.9999999999992393
5156,51.55999999999831,0.9999999999992434
5157,51.56999999999831,0.9999999999992474
5158,51.57999999999831,0.9999999999992515
5159,51.589999999998305,0.9999999999992555
5160,51.5999999999983,0.9999999999992595
5161,51.6099999999983,0.9999999999992635
5162,51.6199999999983,0.9999999999992674
5163,51.6299999999983,0.9999999999992714
5164,51.639999999998295,0.9999999999992752
5165,51.64999999999829,0.9999999999992791
5166,51.65999999999829,0.999999999999283
5167,51.66999999999829,0.9999999999992869
5168,51.67999999999829,0.9999999999992907
5169,51.689999999998285,0.9999999999992946
5170,51.69999999999828,0.9999999999992983
5171,51.70999999999828,0.9999999999993021
5172,51.71999999999828,0.9999999999993058
5173,51.72999999999828,0.9999999999993096
5174,51.739999999998275,0.9999999999993132
5175,51.74999999999827,0.999999999999317
5176,51.75999999999827,0.9999999999993207
5177,51.76999999999827,0.9999999999993243
5178,51.77999999999827,0.9999999999993279
5179,51.789999999998265,0.9999999999993315
5180,51.79999999999826,0.9999999999993351
5181,51.80999999999826,0.9999999999993386
5182,51.81999999999826,0.9999999999993422
5183,51.82999999999826,0.9999999999993457
5184,51.839999999998255,0.9999999999993493
5185,51.84999999999825,0.9999999999993527
5186,51.85999999999825,0.9999999999993563
5187,51.86999999999825,0.9999999999993597
5188,51.87999999999825,0.9999999999993632
5189,51.889999999998246,0.9999999999993666
5190,51.89999999999824,0.99999999999937
5191,51.90999999999824,0.9999999999993734
5192,51.91999999999824,0.9999999999993767
5193,51.92999999999824,0.99999999999938
5194,51.939999999998236,0.9999999999993834
5195,51.949999999998234,0.9999999999993867
5196,51.95999999999823,0.99999999999939
5197,51.96999999999823,0.9999999999993933
5198,51.97999999999823,0.9999999999993966
5199,51.989999999998226,0.9999999999993998
5200,51.999999999998224,0.999999999999403
5201,52.00999999999822,0.9999999999994063
5202,52.01999999999822,0.9999999999994095
5203,52.02999999999822,0.9999999999994126
5204,52.039999999998216,0.9999999999994158
5205,52.049999999998214,0.9999999999994189
5206,52.05999999999821,0.999999999999422
5207,52.06999999999821,0.9999999999994251
5208,52.07999999999821,0.9999999999994282
5209,52.089999999998206,0.9999999999994313
5210,52.099999999998204,0.9999999999994343
5211,52.1099999999982,0.9999999999994373
5212,52.1199999999982,0.9999999999994404
5213,52.1299999999982,0.9999999999994434
5214,52.139999999998196,0.9999999999994464
5215,52.149999999998194,0.9999999999994494
5216,52.15999999999819,0.9999999999994523
5217,52.16999999999819,0.9999999999994553
5218,52.17999999999819,0.9999999999994582
5219,52.189999999998186,0.9999999999994611
5220,52.199999999998184,0.999999999999464
5221,52.20999999999818,0.9999999999994669
5222,52.21999999999818,0.9999999999994698
5223,52.22999999999818,0.9999999999994726
5224,52.239999999998176,0.9999999999994754
5225,52.249999999998174,0.9999999999994783
5226,52.25999999999817,0.9999999999994811
5227,52.26999999999817,0.9999999999994839
5228,52.27999999999817,0.9999999999994866
5229,52.289999999998166,0.9999999999994894
5230,52.299999999998164,0.9999999999994922
5231,52.30999999999816,0.9999999999994948
5232,52.31999999999816,0.9999999999994976
5233,52.32999999999816,0.9999999999995003
5234,52.339999999998156,0.999999999999503
5235,52.349999999998154,0.9999999999995056
5236,52.35999999999815,0.9999999999995083
5237,52.36999999999815,0.999999999999511
5238,52.37999999999815,0.9999999999995136
5239,52.389999999998146,0.9999999999995162
5240,52.399999999998144,0.9999999999995188
5241,52.40999999999814,0.9999999999995214
5242,52.41999999999814,0.9999999999995239
5243,52.42999999999814,0.9999999999995265
5244,52.439999999998136,0.999999999999529
5245,52.449999999998134,0.9999999999995316
5246,52.45999999999813,0.9999999999995342
5247,52.46999999999813,0.9999999999995366
5248,52.47999999999813,0.9999999999995391
5249,52.489999999998126,0.9999999999995416
5250,52.499999999998124,0.999999999999544
5251,52.50999999999812,0.9999999999995465
5252,52.51999999999812,0.9999999999995489
5253,52.52999999999812,0.9999999999995514
5254,52.539999999998116,0.9999999999995538
5255,52.549999999998114,0.9999999999995561
5256,52.55999999999811,0.9999999999995586
5257,52.56999999999811,0.9999999999995609
5258,52.57999999999811,0.9999999999995632
5259,52.589999999998106,0.9999999999995657
5260,52.599999999998104,0.999999999999568
5261,52.6099999999981,0.9999999999995703
5262,52.6199999999981,0.9999999999995726
5263,52.6299999999981,0.9999999999995749
5264,52.639999999998096,0.9999999999995772
5265,52.649999999998094,0.9999999999995794
5266,52.65999999999809,0.9999999999995817
5267,52.66999999999809,0.999999999999584
5268,52.67999999999809,0.9999999999995862
5269,52.689999999998086,0.9999999999995884
5270,52.699999999998084,0.9999999999995907
5271,52.70999999999808,0.9999999999995929
5272,52.71999999999808,0.999999999999595
5273,52.72999999999808,0.9999999999995972
5274,52.739999999998076,0.9999999999995993
5275,52.749999999998074,0.9999999999996015
5276,52.75999999999807,0.9999999999996037
5277,52.76999999999807,0.9999999999996058
5278,52.77999999999807,0.9999999999996079
5279,52.78999999999807,0.99999999999961
5280,52.799999999998064,0.9999999999996121
5281,52.80999999999806,0.9999999999996142
5282,52.81999999999806,0.9999999999996163
5283,52.82999999999806,0.9999999999996183
5284,52.83999999999806,0.9999999999996204
5285,52.849999999998055,0.9999999999996224
5286,52.85999999999805,0.9999999999996245
5287,52.86999999999805,0.9999999999996265
5288,52.87999999999805,0.9999999999996285
5289,52.88999999999805,0.9999999999996305
5290,52.899999999998045,0.9999999999996325
5291,52.90999999999804,0.9999999999996345
5292,52.91999999999804,0.9999999999996364
5293,52.92999999999804,0.9999999999996384
5294,52.93999999999804,0.9999999999996403
5295,52.949999999998035,0.9999999999996423
5296,52.95999999999803,0.9999999999996442
5297,52.96999999999803,0.9999999999996461
5298,52.97999999999803,0.999999999999648
5299,52.98999999999803,0.99999999999965
5300,52.999999999998025,0.9999999999996518
5301,53.00999999999802,0.9999999999996536
5302,53.01999999999802,0.9999999999996555
5303,53.02999999999802,0.9999999999996574
5304,53.03999999999802,0.9999999999996592
5305,53.049999999998015,0.999999999999661
5306,53.05999999999801,0.9999999999996628
5307,53.06999999999801,0.9999999999996647
5308,53.07999999999801,0.9999999999996665
5309,53.08999999999801,0.9999999999996683
5310,53.099999999998005,0.99999999999967
5311,53.109999999998,0.9999999999996718
5312,53.119999999998,0.9999999999996736
5313,53.129999999998,0.9999999999996754
5314,53.139999999998,0.9999999999996771
5315,53.149999999997995,0.9999999999996788
5316,53.15999999999799,0.9999999999996806
5317,53.16999999999799,0.9999999999996823
5318,53.17999999999799,0.999999999999684
5319,53.18999999999799,0.9999999999996857
5320,53.199999999997985,0.9999999999996874
5321,53.20999999999798,0.999999999999689
5322,53.21999999999798,0.9999999999996907
5323,53.22999999999798,0.9999999999996924
5324,53.23999999999798,0.999999999999694
5325,53.249999999997975,0.9999999999996957
5326,53.25999999999797,0.9999999999996974
5327,53.26999999999797,0.999999999999699
5328,53.27999999999797,0.9999999999997006
5329,53.28999999999797,0.9999999999997022
5330,53.299999999997965,0.9999999999997038
5331,53.30999999999796,0.9999999999997053
5332,53.31999999999796,0.999999999999707
5333,53.32999999999796,0.9999999999997086
5334,53.33999999999796,0.9999999999997101
5335,53.349999999997955,0.9999999999997117
5336,53.35999999999795,0.9999999999997132
5337,53.36999999999795,0.9999999999997148
5338,53.37999999999795,0.9999999999997163
5339,53.38999999999795,0.9999999999997178
5340,53.399999999997945,0.9999999999997193
5341,53.40999999999794,0.9999999999997209
5342,53.41999999999794,0.9999999999997223
5343,53.42999999999794,0.9999999999997239
5344,53.43999999999794,0.9999999999997253
5345,53.449999999997935,0.9999999999997268
5346,53.45999999999793,0.9999999999997283
5347,53.46999999999793,0.9999999999997298
5348,53.47999999999793,0.9999999999997312
5349,53.48999999999793,0.9999999999997327
5350,53.499999999997925,0.9999999999997341
5351,53.50999999999792,0.9999999999997355
5352,53.51999999999792,0.999999999999737
5353,53.52999999999792,0.9999999999997383
5354,53.53999999999792,0.9999999999997398
5355,53.549999999997915,0.9999999999997412
5356,53.55999999999791,0.9999999999997425
5357,53.56999999999791,0.999999999999744
5358,53.57999999999791,0.9999999999997453
5359,53.58999999999791,0.9999999999997466
5360,53.599999999997905,0.9999999999997481
5361,53.6099999999979,0.9999999999997494
5362,53.6199999999979,0.9999999999997508
5363,53.6299999999979,0.9999999999997521
5364,53.6399999999979,0.9999999999997534
5365,53.649999999997895,0.9999999999997548
5366,53.65999999999789,0.9999999999997561
5367,53.66999999999789,0.9999999999997574
5368,53.67999999999789,0.9999999999997587
5369,53.68999999999789,0.99999999999976
5370,53.699999999997885,0.9999999999997613
5371,53.70999999999788,0.9999999999997626
5372,53.71999999999788,0.9999999999997639
5373,53.72999999999788,0.9999999999997652
5374,53.73999999999788,0.9999999999997664
5375,53.749999999997875,0.9999999999997676
5376,53.75999999999787,0.9999999999997689
5377,53.76999999999787,0.9999999999997702
5378,53.77999999999787,0.9999999999997714
5379,53.78999999999787,0.9999999999997726
5380,53.799999999997866,0.9999999999997738
5381,53.80999999999786,0.9999999999997751
5382,53.81999999999786,0.9999999999997763
5383,53.82999999999786,0.9999999999997775
5384,53.83999999999786,0.9999999999997786
5385,53.849999999997856,0.9999999999997798
5386,53.859999999997854,0.9999999999997811
5387,53.86999999999785,0.9999999999997822
5388,53.87999999999785,0.9999999999997834
5389,53.88999999999785,0.9999999999997846
5390,53.899999999997846,0.9999999999997857
5391,53.909999999997844,0.9999999999997868
5392,53.91999999999784,0.9999999999997881
5393,53.92999999999784,0.9999999999997892
5394,53.93999999999784,0.9999999999997903
5395,53.949999999997836,0.9999999999997914
5396,53.959999999997834,0.9999999999997926
5397,53.96999999999783,0.9999999999997937
5398,53.97999999999783,0.9999999999997948
5399,53.98999999999783,0.9999999999997959
5400,53.999999999997826,0.9999999999997969
5401,54.009999999997824,0.999999999999798
5402,54.01999999999782,0.9999999999997992
5403,54.02999999999782,0.9999999999998003
5404,54.03999999999782,0.9999999999998013
5405,54.049999999997816,0.9999999999998024
5406,54.059999999997814,0.9999999999998035
5407,54.06999999999781,0.9999999999998045
5408,54.07999999999781,0.9999999999998056
5409,54.08999999999781,0.9999999999998066
5410,54.099999999997806,0.9999999999998077
5411,54.109999999997804,0.9999999999998087
5412,54.1199999999978,0.9999999999998097
5413,54.1299999999978,0.9999999999998107
5414,54.1399999999978,0.9999999999998118
5415,54.149999999997796,0.9999999999998128
5416,54.159999999997794,0.9999999999998138
5417,54.16999999999779,0.9999999999998148
5418,54.17999999999779,0.9999999999998158
5419,54.18999999999779,0.9999999999998168
5420,54.199999999997786,0.9999999999998178
5421,54.209999999997784,0.9999999999998187
5422,54.21999999999778,0.9999999999998197
5423,54.22999999999778,0.9999999999998207
5424,54.23999999999778,0.9999999999998217
5425,54.249999999997776,0.9999999999998226
5426,54.259999999997774,0.9999999999998236
5427,54.26999999999777,0.9999999999998246
5428,54.27999999999777,0.9999999999998255
5429,54.28999999999777,0.9999999999998265
5430,54.299999999997766,0.9999999999998274
5431,54.309999999997764,0.9999999999998282
5432,54.31999999999776,0.9999999999998292
5433,54.32999999999776,0.9999999999998301
5434,54.33999999999776,0.999999999999831
5435,54.349999999997756,0.9999999999998319
5436,54.359999999997754,0.9999999999998329
5437,54.36999999999775,0.9999999999998338
5438,54.37999999999775,0.9999999999998347
5439,54.38999999999775,0.9999999999998356
5440,54.399999999997746,0.9999999999998365
5441,54.409999999997744,0.9999999999998374
5442,54.41999999999774,0.9999999999998382
5443,54.42999999999774,0.999999999999839
5444,54.43999999999774,0.9999999999998399
5445,54.449999999997736,0.9999999999998408
5446,54.459999999997734,0.9999999999998417
5447,54.46999999999773,0.9999999999998425
5448,54.47999999999773,0.9999999999998433
5449,54.48999999999773,0.9999999999998442
5450,54.499999999997726,0.999999999999845
5451,54.509999999997724,0.9999999999998459
5452,54.51999999999772,0.9999999999998467
5453,54.52999999999772,0.9999999999998476
5454,54.53999999999772,0.9999999999998483
5455,54.549999999997716,0.9999999999998491
5456,54.559999999997714,0.99999999999985
5457,54.56999999999771,0.9999999999998508
5458,54.57999999999771,0.9999999999998516
5459,54.58999999999771,0.9999999999998523
5460,54.599999999997706,0.9999999999998532
5461,54.609999999997704,0.999999999999854
5462,54.6199999999977,0.9999999999998548
5463,54.6299999999977,0.9999999999998556
5464,54.6399999999977,0.9999999999998563
5465,54.649999999997696,0.9999999999998571
5466,54.659999999997694,0.9999999999998579
5467,54.66999999999769,0.9999999999998587
5468,54.67999999999769,0.9999999999998594
5469,54.68999999999769,0.9999999999998601
5470,54.69999999999769,0.9999999999998609
5471,54.709999999997684,0.9999999999998617
5472,54.71999999999768,0.9999999999998624
5473,54.72999999999768,0.9999999999998631
5474,54.73999999999768,0.9999999999998639
5475,54.74999999999768,0.9999999999998647
5476,54.759999999997675,0.9999999999998653
5477,54.76999999999767,0.9999999999998661
5478,54.77999999999767,0.9999999999998668
5479,54.78999999999767,0.9999999999998676
5480,54.79999999999767,0.9999999999998682
5481,54.809999999997665,0.999999999999869
5482,54.81999999999766,0.9999999999998697
5483,54.82999999999766,0.9999999999998703
5484,54.83999999999766,0.9999999999998711
5485,54.84999999999766,0.9999999999998718
5486,54.859999999997655,0.9999999999998724
5487,54.86999999999765,0.9999999999998731
5488,54.87999999999765,0.9999999999998738
5489,54.88999999999765,0.9999999999998745
5490,54.89999999999765,0.9999999999998752
5491,54.909999999997645,0.9999999999998759
5492,54.91999999999764,0.9999999999998765
5493,54.92999999999764,0.9999999999998772
5494,54.93999999999764,0.9999999999998779
5495,54.94999999999764,0.9999999999998785
5496,54.959999999997635,0.9999999999998792
5497,54.96999999999763,0.9999999999998798
5498,54.97999999999763,0.9999999999998804
5499,54.98999999999763,0.9999999999998811
5500,54.99999999999763,0.9999999999998818
5501,55.009999999997625,0.9999999999998824
5502,55.01999999999762,0.999999999999883
5503,55.02999999999762,0.9999999999998836
5504,55.03999999999762,0.9999999999998843
5505,55.04999999999762,0.9999999999998849
5506,55.059999999997615,0.9999999999998855
5507,55.06999999999761,0.9999999999998861
5508,55.07999999999761,0.9999999999998868
5509,55.08999999999761,0.9999999999998874
5510,55.09999999999761,0.999999999999888
5511,55.109999999997605,0.9999999999998885
5512,55.1199999999976,0.9999999999998892
5513,55.1299999999976,0.9999999999998898
5514,55.1399999999976,0.9999999999998904
5515,55.1499999999976,0.999999999999891
5516,55.159999999997595,0.9999999999998915
5517,55.16999999999759,0.9999999999998921
5518,55.17999999999759,0.9999999999998928
5519,55.18999999999759,0.9999999999998933
5520,55.19999999999759,0.9999999999998939
5521,55.209999999997585,0.9999999999998944
5522,55.21999999999758,0.999999999999895
5523,55.22999999999758,0.9999999999998956
5524,55.23999999999758,0.9999999999998962
5525,55.24999999999758,0.9999999999998967
5526,55.259999999997575,0.9999999999998973
5527,55.26999999999757,0.9999999999998979
5528,55.27999999999757,0.9999999999998984
5529,55.28999999999757,0.999999999999899
5530,55.29999999999757,0.9999999999998995
5531,55.309999999997565,0.9999999999999
5532,55.31999999999756,0.9999999999999005
5533,55.32999999999756,0.9999999999999011
5534,55.33999999999756,0.9999999999999016
5535,55.34999999999756,0.9999999999999022
5536,55.359999999997555,0.9999999999999026
5537,55.36999999999755,0.9999999999999032
5538,55.37999999999755,0.9999999999999037
5539,55.38999999999755,0.9999999999999043
5540,55.39999999999755,0.9999999999999047
5541,55.409999999997545,0.9999999999999053
5542,55.41999999999754,0.9999999999999057
5543,55.42999999999754,0.9999999999999063
5544,55.43999999999754,0.9999999999999069
5545,55.44999999999754,0.9999999999999073
5546,55.459999999997535,0.9999999999999079
5547,55.46999999999753,0.9999999999999083
5548,55.47999999999753,0.9999999999999089
5549,55.48999999999753,0.9999999999999093
5550,55.49999999999753,0.9999999999999097
5551,55.509999999997525,0.9999999999999103
5552,55.51999999999752,0.9999999999999107
5553,55.52999999999752,0.9999999999999113
5554,55.53999999999752,0.9999999999999117
5555,55.54999999999752,0.9999999999999122
5556,55.559999999997515,0.9999999999999126
5557,55.56999999999751,0.9999999999999132
5558,55.57999999999751,0.9999999999999136
5559,55.58999999999751,0.9999999999999141
5560,55.59999999999751,0.9999999999999145
5561,55.609999999997505,0.999999999999915
5562,55.6199999999975,0.9999999999999155
5563,55.6299999999975,0.999999999999916
5564,55.6399999999975,0.9999999999999164
5565,55.6499999999975,0.9999999999999168
5566,55.659999999997495,0.9999999999999173
5567,55.66999999999749,0.9999999999999177
5568,55.67999999999749,0.9999999999999182
5569,55.68999999999749,0.9999999999999186
5570,55.69999999999749,0.9999999999999191
5571,55.709999999997486,0.9999999999999195
5572,55.71999999999748,0.99999999999992
5573,55.72999999999748,0.9999999999999204
5574,55.73999999999748,0.9999999999999208
5575,55.74999999999748,0.9999999999999212
5576,55.759999999997476,0.9999999999999216
5577,55.769999999997474,0.9999999999999221
5578,55.77999999999747,0.9999999999999225
5579,55.78999999999747,0.999999999999923
5580,55.79999999999747,0.9999999999999233
5581,55.809999999997466,0.9999999999999237
5582,55.819999999997464,0.9999999999999242
5583,55.82999999999746,0.9999999999999246
5584,55.83999999999746,0.999999999999925
5585,55.84999999999746,0.9999999999999254
5586,55.859999999997456,0.9999999999999258
5587,55.869999999997454,0.9999999999999262
5588,55.87999999999745,0.9999999999999266
5589,55.88999999999745,0.999999999999927
5590,55.89999999999745,0.9999999999999274
5591,55.909999999997446,0.9999999999999277
5592,55.919999999997444,0.9999999999999282
5593,55.92999999999744,0.9999999999999285
5594,55.93999999999744,0.999999999999929
5595,55.94999999999744,0.9999999999999293
5596,55.959999999997436,0.9999999999999297
5597,55.969999999997434,0.9999999999999301
5598,55.97999999999743,0.9999999999999305
5599,55.98999999999743,0.9999999999999308
5600,55.99999999999743,0.9999999999999312
5601,56.009999999997426,0.9999999999999316
5602,56.019999999997424,0.9999999999999319
5603,56.02999999999742,0.9999999999999323
5604,56.03999999999742,0.9999999999999327
5605,56.04999999999742,0.999999999999933
5606,56.059999999997416,0.9999999999999334
5607,56.069999999997414,0.9999999999999338
5608,56.07999999999741,0.9999999999999342
5609,56.08999999999741,0.9999999999999345
5610,56.09999999999741,0.9999999999999348
5611,56.109999999997406,0.9999999999999352
5612,56.119999999997404,0.9999999999999355
5613,56.1299999999974,0.9999999999999359
5614,56.1399999999974,0.9999999999999363
5615,56.1499999999974,0.9999999999999366
5616,56.159999999997396,0.9999999999999369
5617,56.169999999997394,0.9999999999999373
5618,56.17999999999739,0.9999999999999376
5619,56.18999999999739,0.9999999999999379
5620,56.19999999999739,0.9999999999999383
5621,56.209999999997386,0.9999999999999386
5622,56.219999999997384,0.9999999999999389
5623,56.22999999999738,0.9999999999999393
5624,56.23999999999738,0.9999999999999396
5625,56.24999999999738,0.9999999999999399
5626,56.259999999997376,0.9999999999999403
5627,56.269999999997374,0.9999999999999406
5628,56.27999999999737,0.9999999999999409
5629,56.28999999999737,0.9999999999999413
5630,56.29999999999737,0.9999999999999416
5631,56.309999999997366,0.9999999999999418
5632,56.319999999997364,0.9999999999999422
5633,56.32999999999736,0.9999999999999425
5634,56.33999999999736,0.9999999999999428
5635,56.34999999999736,0.9999999999999432
5636,56.359999999997356,0.9999999999999434
5637,56.369999999997354,0.9999999999999437
5638,56.37999999999735,0.999999999999944
5639,56.38999999999735,0.9999999999999444
5640,56.39999999999735,0.9999999999999446
5641,56.409999999997346,0.9999999999999449
5642,56.419999999997344,0.9999999999999453
5643,56.42999999999734,0.9999999999999455
5644,56.43999999999734,0.9999999999999458
5645,56.44999999999734,0.9999999999999462
5646,56.459999999997336,0.9999999999999464
5647,56.469999999997334,0.9999999999999467
5648,56.47999999999733,0.999999999999947
5649,56.48999999999733,0.9999999999999473
5650,56.49999999999733,0.9999999999999476
5651,56.509999999997326,0.9999999999999478
5652,56.519999999997324,0.9999999999999482
5653,56.52999999999732,0.9999999999999484
5654,56.53999999999732,0.9999999999999487
5655,56.54999999999732,0.9999999999999489
5656,56.559999999997316,0.9999999999999493
5657,56.569999999997314,0.9999999999999495
5658,56.57999999999731,0.9999999999999498
5659,56.58999999999731,0.99999999999995
5660,56.59999999999731,0.9999999999999504
5661,56.60999999999731,0.9999999999999506
5662,56.619999999997304,0.9999999999999509
5663,56.6299999999973,0.9999999999999512
5664,56.6399999999973,0.9999999999999514
5665,56.6499999999973,0.9999999999999517
5666,56.6599999999973,0.9999999999999519
5667,56.669999999997295,0.9999999999999521
5668,56.67999999999729,0.9999999999999525
5669,56.68999999999729,0.9999999999999527
5670,56.69999999999729,0.9999999999999529
5671,56.70999999999729,0.9999999999999533
5672,56.719999999997285,0.9999999999999535
5673,56.72999999999728,0.9999999999999537
5674,56.73999999999728,0.999999999999954
5675,56.74999999999728,0.9999999999999543
5676,56.75999999999728,0.9999999999999545
5677,56.769999999997275,0.9999999999999547
5678,56.77999999999727,0.9999999999999549
5679,56.78999999999727,0.9999999999999553
5680,56.79999999999727,0.9999999999999555
5681,56.80999999999727,0.9999999999999557
5682,56.819999999997265,0.9999999999999559
5683,56.82999999999726,0.9999999999999561
5684,56.83999999999726,0.9999999999999565
5685,56.84999999999726,0.9999999999999567
5686,56.85999999999726,0.9999999999999569
5687,56.869999999997255,0.9999999999999571
5688,56.87999999999725,0.9999999999999574
5689,56.88999999999725,0.9999999999999576
5690,56.89999999999725,0.9999999999999578
5691,56.90999999999725,0.999999999999958
5692,56.919999999997245,0.9999999999999583
5693,56.92999999999724,0.9999999999999585
5694,56.93999999999724,0.9999999999999587
5695,56.94999999999724,0.9999999999999589
5696,56.95999999999724,0.9999999999999591
5697,56.969999999997235,0.9999999999999594
5698,56.97999999999723,0.9999999999999596
5699,56.98999999999723,0.9999999999999598
5700,56.99999999999723,0.99999999999996
5701,57.00999999999723,0.9999999999999603
5702,57.019999999997225,0.9999999999999605
5703,57.02999999999722,0.9999999999999607
5704,57.03999999999722,0.9999999999999609
5705,57.04999999999722,0.9999999999999611
5706,57.05999999999722,0.9999999999999614
5707,57.069999999997215,0.9999999999999616
5708,57.07999999999721,0.9999999999999618
5709,57.08999999999721,0.9999999999999619
5710,57.09999999999721,0.9999999999999621
5711,57.10999999999721,0.9999999999999624
5712,57.119999999997205,0.9999999999999626
5713,57.1299999999972,0.9999999999999628
5714,57.1399999999972,0.999999999999963
5715,57.1499999999972,0.9999999999999633
5716,57.1599999999972,0.9999999999999634
5717,57.169999999997195,0.9999999999999636
5718,57.17999999999719,0.9999999999999638
5719,57.18999999999719,0.999999999999964
5720,57.19999999999719,0.9999999999999641
5721,57.20999999999719,0.9999999999999644
5722,57.219999999997185,0.9999999999999646
5723,57.22999999999718,0.9999999999999648
5724,57.23999999999718,0.9999999999999649
5725,57.24999999999718,0.9999999999999651
5726,57.25999999999718,0.9999999999999654
5727,57.269999999997175,0.9999999999999656
5728,57.27999999999717,0.9999999999999657
5729,57.28999999999717,0.9999999999999659
5730,57.29999999999717,0.9999999999999661
5731,57.30999999999717,0.9999999999999662
5732,57.319999999997165,0.9999999999999665
5733,57.32999999999716,0.9999999999999667
5734,57.33999999999716,0.9999999999999668
5735,57.34999999999716,0.999999999999967
5736,57.35999999999716,0.9999999999999671
5737,57.369999999997155,0.9999999999999674
5738,57.37999999999715,0.9999999999999676
5739,57.38999999999715,0.9999999999999677
5740,57.39999999999715,0.9999999999999679
5741,57.40999999999715,0.999999999999968
5742,57.419999999997145,0.9999999999999682
5743,57.42999999999714,0.9999999999999684
5744,57.43999999999714,0.9999999999999686
5745,57.44999999999714,0.9999999999999688
5746,57.45999999999714,0.9999999999999689
5747,57.469999999997135,0.9999999999999691
5748,57.47999999999713,0.9999999999999692
5749,57.48999999999713,0.9999999999999695
5750,57.49999999999713,0.9999999999999696
5751,57.50999999999713,0.9999999999999698
5752,57.519999999997125,0.9999999999999699
5753,57.52999999999712,0.9999999999999701
5754,57.53999999999712,0.9999999999999702
5755,57.54999999999712,0.9999999999999705
5756,57.55999999999712,0.9999999999999706
5757,57.569999999997115,0.9999999999999707
5758,57.57999999999711,0.9999999999999709
5759,57.58999999999711,0.999999999999971
5760,57.59999999999711,0.9999999999999712
5761,57.60999999999711,0.9999999999999714
5762,57.619999999997106,0.9999999999999716
5763,57.6299999999971,0.9999999999999717
5764,57.6399999999971,0.9999999999999718
5765,57.6499999999971,0.999999999999972
5766,57.6599999999971,0.9999999999999721
5767,57.669999999997096,0.9999999999999722
5768,57.679999999997094,0.9999999999999725
5769,57.68999999999709,0.9999999999999726
5770,57.69999999999709,0.9999999999999728
5771,57.70999999999709,0.9999999999999729
5772,57.719999999997086,0.999999999999973
5773,57.729999999997084,0.9999999999999732
5774,57.73999999999708,0.9999999999999734
5775,57.74999999999708,0.9999999999999735
5776,57.75999999999708,0.9999999999999736
5777,57.769999999997076,0.9999999999999738
5778,57.779999999997074,0.9999999999999739
5779,57.78999999999707,0.999999999999974
5780,57.79999999999707,0.9999999999999742
5781,57.80999999999707,0.9999999999999744
5782,57.819999999997066,0.9999999999999745
5783,57.829999999997064,0.9999999999999746
5784,57.83999999999706,0.9999999999999748
5785,57.84999999999706,0.9999999999999749
5786,57.85999999999706,0.999999999999975
5787,57.869999999997056,0.9999999999999751
5788,57.879999999997054,0.9999999999999754
5789,57.88999999999705,0.9999999999999755
5790,57.89999999999705,0.9999999999999756
5791,57.90999999999705,0.9999999999999757
5792,57.919999999997046,0.9999999999999758
5793,57.929999999997044,0.999999999999976
5794,57.93999999999704,0.9999999999999761
5795,57.94999999999704,0.9999999999999762
5796,57.95999999999704,0.9999999999999764
5797,57.969999999997036,0.9999999999999765
5798,57.979999999997034,0.9999999999999766
5799,57.98999999999703,0.9999999999999768
5800,57.99999999999703,0.9999999999999769
5801,58.00999999999703,0.999999999999977
5802,58.019999999997026,0.9999999999999771
5803,58.029999999997024,0.9999999999999772
5804,58.03999999999702,0.9999999999999774
5805,58.04999999999702,0.9999999999999775
5806,58.05999999999702,0.9999999999999776
5807,58.069999999997016,0.9999999999999778
5808,58.079999999997014,0.9999999999999779
5809,58.08999999999701,0.999999999999978
5810,58.09999999999701,0.9999999999999781
5811,58.10999999999701,0.9999999999999782
5812,58.119999999997006,0.9999999999999784
5813,58.129999999997004,0.9999999999999785
5814,58.139999999997,0.9999999999999786
5815,58.149999999997,0.9999999999999787
5816,58.159999999997,0.9999999999999788
5817,58.169999999996996,0.9999999999999789
5818,58.179999999996994,0.999999999999979
5819,58.18999999999699,0.9999999999999791
5820,58.19999999999699,0.9999999999999792
5821,58.20999999999699,0.9999999999999793
5822,58.219999999996986,0.9999999999999795
5823,58.229999999996984,0.9999999999999796
5824,58.23999999999698,0.9999999999999797
5825,58.24999999999698,0.9999999999999798
5826,58.25999999999698,0.9999999999999799
5827,58.269999999996976,0.99999999999998
5828,58.279999999996974,0.9999999999999801
5829,58.28999999999697,0.9999999999999802
5830,58.29999999999697,0.9999999999999803
5831,58.30999999999697,0.9999999999999805
5832,58.319999999996966,0.9999999999999806
5833,58.329999999996964,0.9999999999999807
5834,58.33999999999696,0.9999999999999808
5835,58.34999999999696,0.9999999999999809
5836,58.35999999999696,0.999999999999981
5837,58.369999999996956,0.9999999999999811
5838,58.379999999996954,0.9999999999999812
5839,58.38999999999695,0.9999999999999813
5840,58.39999999999695,0.9999999999999815
5841,58.40999999999695,0.9999999999999816
5842,58.419999999996946,0.9999999999999817
5843,58.429999999996944,0.9999999999999818
5844,58.43999999999694,0.9999999999999818
5845,58.44999999999694,0.9999999999999819
5846,58.45999999999694,0.999999999999982
5847,58.469999999996936,0.9999999999999821
5848,58.479999999996934,0.9999999999999822
5849,58.48999999999693,0.9999999999999823
5850,58.49999999999693,0.9999999999999825
5851,58.50999999999693,0.9999999999999826
5852,58.51999999999693,0.9999999999999826
5853,58.529999999996924,0.9999999999999827
5854,58.53999999999692,0.9999999999999828
5855,58.54999999999692,0.9999999999999829
5856,58.55999999999692,0.999999999999983
5857,58.56999999999692,0.9999999999999831
5858,58.579999999996915,0.9999999999999832
5859,58.58999999999691,0.9999999999999832
5860,58.59999999999691,0.9999999999999833
5861,58.60999999999691,0.9999999999999835
5862,58.61999999999691,0.9999999999999836
5863,58.629999999996905,0.9999999999999837
5864,58.6399999999969,0.9999999999999837
5865,58.6499999999969,0.9999999999999838
5866,58.6599999999969,0.9999999999999839
5867,58.6699999999969,0.999999999999984
5868,58.679999999996895,0.9999999999999841
5869,58.68999999999689,0.9999999999999841
5870,58.69999999999689,0.9999999999999842
5871,58.70999999999689,0.9999999999999843
5872,58.71999999999689,0.9999999999999845
5873,58.729999999996885,0.9999999999999846
5874,58.73999999999688,0.9999999999999846
5875,58.74999999999688,0.9999999999999847
5876,58.75999999999688,0.9999999999999848
5877,58.76999999999688,0.9999999999999849
5878,58.779999999996875,0.9999999999999849
5879,58.78999999999687,0.999999999999985
5880,58.79999999999687,0.9999999999999851
5881,58.80999999999687,0.9999999999999852
5882,58.81999999999687,0.9999999999999852
5883,58.829999999996865,0.9999999999999853
5884,58.83999999999686,0.9999999999999855
5885,58.84999999999686,0.9999999999999855
5886,58.85999999999686,0.9999999999999856
5887,58.86999999999686,0.9999999999999857
5888,58.879999999996855,0.9999999999999858
5889,58.88999999999685,0.9999999999999858
5890,58.89999999999685,0.9999999999999859
5891,58.90999999999685,0.999999999999986
5892,58.91999999999685,0.999999999999986
5893,58.929999999996845,0.9999999999999861
5894,58.93999999999684,0.9999999999999862
5895,58.94999999999684,0.9999999999999862
5896,58.95999999999684,0.9999999999999863
5897,58.96999999999684,0.9999999999999865
5898,58.979999999996835,0.9999999999999866
5899,58.98999999999683,0.9999999999999866
5900,58.99999999999683,0.9999999999999867
5901,59.00999999999683,0.9999999999999868
5902,59.01999999999683,0.9999999999999868
5903,59.029999999996825,0.9999999999999869
5904,59.03999999999682,0.9999999999999869
5905,59.04999999999682,0.999999999999987
5906,59.05999999999682,0.9999999999999871
5907,59.06999999999682,0.9999999999999871
5908,59.079999999996815,0.9999999999999872
5909,59.08999999999681,0.9999999999999873
5910,59.09999999999681,0.9999999999999873
5911,59.10999999999681,0.9999999999999875
5912,59.11999999999681,0.9999999999999876
5913,59.129999999996805,0.9999999999999876
5914,59.1399999999968,0.9999999999999877
5915,59.1499999999968,0.9999999999999877
5916,59.1599999999968,0.9999999999999878
5917,59.1699999999968,0.9999999999999879
5918,59.179999999996795,0.9999999999999879
5919,59.18999999999679,0.999999999999988
5920,59.19999999999679,0.999999999999988
5921,59.20999999999679,0.9999999999999881
5922,59.21999999999679,0.9999999999999882
5923,59.229999999996785,0.9999999999999882
5924,59.23999999999678,0.9999999999999883
5925,59.24999999999678,0.9999999999999883
5926,59.25999999999678,0.9999999999999885
5927,59.26999999999678,0.9999999999999886
5928,59.279999999996775,0.9999999999999886
5929,59.28999999999677,0.9999999999999887
5930,59.29999999999677,0.9999999999999887
5931,59.30999999999677,0.9999999999999888
5932,59.31999999999677,0.9999999999999888
5933,59.329999999996765,0.9999999999999889
5934,59.33999999999676,0.9999999999999889
5935,59.34999999999676,0.999999999999989
5936,59.35999999999676,0.9999999999999891
5937,59.36999999999676,0.9999999999999891
5938,59.379999999996755,0.9999999999999892
5939,59.38999999999675,0.9999999999999892
5940,59.39999999999675,0.9999999999999893
5941,59.40999999999675,0.9999999999999893
5942,59.41999999999675,0.9999999999999895
5943,59.429999999996745,0.9999999999999895
5944,59.43999999999674,0.9999999999999896
5945,59.44999999999674,0.9999999999999896
5946,59.45999999999674,0.9999999999999897
5947,59.46999999999674,0.9999999999999897
5948,59.479999999996735,0.9999999999999898
5949,59.48999999999673,0.9999999999999898
5950,59.49999999999673,0.9999999999999899
5951,59.50999999999673,0.9999999999999899
5952,59.51999999999673,0.99999999999999
5953,59.529999999996726,0.99999999999999
5954,59.53999999999672,0.9999999999999901
5955,59.54999999999672,0.9999999999999901
5956,59.55999999999672,0.9999999999999902
5957,59.56999999999672,0.9999999999999902
5958,59.579999999996716,0.9999999999999903
5959,59.589999999996714,0.9999999999999903
5960,59.59999999999671,0.9999999999999905
5961,59.60999999999671,0.9999999999999905
5962,59.61999999999671,0.9999999999999906
5963,59.629999999996706,0.9999999999999906
5964,59.639999999996704,0.9999999999999907
5965,59.6499999999967,0.9999999999999907
5966,59.6599999999967,0.9999999999999908
5967,59.6699999999967,0.9999999999999908
5968,59.679999999996696,0.9999999999999909
5969,59.689999999996694,0.9999999999999909
5970,59.69999999999669,0.9999999999999909
5971,59.70999999999669,0.999999999999991
5972,59.71999999999669,0.999999999999991
5973,59.729999999996686,0.9999999999999911
5974,59.739999999996684,0.9999999999999911
5975,59.74999999999668,0.9999999999999912
5976,59.75999999999668,0.9999999999999912
5977,59.76999999999668,0.9999999999999913
5978,59.779999999996676,0.9999999999999913
5979,59.789999999996674,0.9999999999999913
5980,59.79999999999667,0.9999999999999915
5981,59.80999999999667,0.9999999999999915
5982,59.81999999999667,0.9999999999999916
5983,59.829999999996666,0.9999999999999916
5984,59.839999999996664,0.9999999999999917
5985,59.84999999999666,0.9999999999999917
5986,59.85999999999666,0.9999999999999917
5987,59.86999999999666,0.9999999999999918
5988,59.879999999996656,0.9999999999999918
5989,59.889999999996654,0.9999999999999919
5990,59.89999999999665,0.9999999999999919
5991,59.90999999999665,0.9999999999999919
5992,59.91999999999665,0.999999999999992
5993,59.929999999996646,0.999999999999992
5994,59.939999999996644,0.9999999999999921
5995,59.94999999999664,0.9999999999999921
5996,59.95999999999664,0.9999999999999921
5997,59.96999999999664,0.9999999999999922
5998,59.979999999996636,0.9999999999999922
5999,59.989999999996634,0.9999999999999923
6000,59.99999999999663,0.9999999999999923
6001,60.00999999999663,0.9999999999999923
6002,60.01999999999663,0.9999999999999925
6003,60.029999999996626,0.9999999999999925
6004,60.039999999996624,0.9999999999999926
6005,60.04999999999662,0.9999999999999926
6006,60.05999999999662,0.9999999999999926
6007,60.06999999999662,0.9999999999999927
6008,60.079999999996616,0.9999999999999927
6009,60.089999999996614,0.9999999999999927
6010,60.09999999999661,0.9999999999999928
6011,60.10999999999661,0.9999999999999928
6012,60.11999999999661,0.9999999999999928
6013,60.129999999996606,0.9999999999999929
6014,60.139999999996604,0.9999999999999929
6015,60.1499999999966,0.999999999999993
6016,60.1599999999966,0.999999999999993
6017,60.1699999999966,0.999999999999993
6018,60.179999999996596,0.9999999999999931
6019,60.189999999996594,0.9999999999999931
6020,60.19999999999659,0.9999999999999931
6021,60.20999999999659,0.9999999999999932
6022,60.21999999999659,0.9999999999999932
6023,60.229999999996586,0.9999999999999932
6024,60.239999999996584,0.9999999999999933
6025,60.24999999999658,0.9999999999999933
6026,60.25999999999658,0.9999999999999933
6027,60.26999999999658,0.9999999999999934
6028,60.279999999996576,0.9999999999999934
6029,60.289999999996574,0.9999999999999934
6030,60.29999999999657,0.9999999999999936
6031,60.30999999999657,0.9999999999999936
6032,60.31999999999657,0.9999999999999936
6033,60.329999999996566,0.9999999999999937
6034,60.339999999996564,0.9999999999999937
6035,60.34999999999656,0.9999999999999937
6036,60.35999999999656,0.9999999999999938
6037,60.36999999999656,0.9999999999999938
6038,60.379999999996556,0.9999999999999938
6039,60.389999999996554,0.9999999999999939
6040,60.39999999999655,0.9999999999999939
6041,60.40999999999655,0.9999999999999939
6042,60.41999999999655,0.9999999999999939
6043,60.42999999999655,0.999999999999994
6044,60.439999999996544,0.999999999999994
6045,60.44999999999654,0.999999999999994
6046,60.45999999999654,0.9999999999999941
6047,60.46999999999654,0.9999999999999941
6048,60.47999999999654,0.9999999999999941
6049,60.489999999996535,0.9999999999999942
6050,60.49999999999653,0.9999999999999942
6051,60.50999999999653,0.9999999999999942
6052,60.51999999999653,0.9999999999999942
6053,60.52999999999653,0.9999999999999943
6054,60.539999999996525,0.9999999999999943
6055,60.54999999999652,0.9999999999999943
6056,60.55999999999652,0.9999999999999944
6057,60.56999999999652,0.9999999999999944
6058,60.57999999999652,0.9999999999999944
6059,60.589999999996515,0.9999999999999944
6060,60.59999999999651,0.9999999999999946
6061,60.60999999999651,0.9999999999999946
6062,60.61999999999651,0.9999999999999946
6063,60.62999999999651,0.9999999999999947
6064,60.639999999996505,0.9999999999999947
6065,60.6499999999965,0.9999999999999947
6066,60.6599999999965,0.9999999999999947
6067,60.6699999999965,0.9999999999999948
6068,60.6799999999965,0.9999999999999948
6069,60.689999999996495,0.9999999999999948
6070,60.69999999999649,0.9999999999999948
6071,60.70999999999649,0.9999999999999949
6072,60.71999999999649,0.9999999999999949
6073,60.72999999999649,0.9999999999999949
6074,60.739999999996485,0.9999999999999949
6075,60.74999999999648,0.999999999999995
6076,60.75999999999648,0.999999999999995
6077,60.76999999999648,0.999999999999995
6078,60.77999999999648,0.999999999999995
6079,60.789999999996475,0.9999999999999951
6080,60.79999999999647,0.9999999999999951
6081,60.80999999999647,0.9999999999999951
6082,60.81999999999647,0.9999999999999951
6083,60.82999999999647,0.9999999999999952
6084,60.839999999996465,0.9999999999999952
6085,60.84999999999646,0.9999999999999952
6086,60.85999999999646,0.9999999999999952
6087,60.86999999999646,0.9999999999999953
6088,60.87999999999646,0.9999999999999953
6089,60.889999999996455,0.9999999999999953
6090,60.89999999999645,0.9999999999999953
6091,60.90999999999645,0.9999999999999954
6092,60.91999999999645,0.9999999999999954
6093,60.92999999999645,0.9999999999999954
6094,60.939999999996445,0.9999999999999954
6095,60.94999999999644,0.9999999999999954
6096,60.95999999999644,0.9999999999999956
6097,60.96999999999644,0.9999999999999956
6098,60.97999999999644,0.9999999999999956
6099,60.989999999996435,0.9999999999999956
6100,60.99999999999643,0.9999999999999957
6101,61.00999999999643,0.9999999999999957
6102,61.01999999999643,0.9999999999999957
6103,61.02999999999643,0.9999999999999957
6104,61.039999999996425,0.9999999999999958
6105,61.04999999999642,0.9999999999999958
6106,61.05999999999642,0.9999999999999958
6107,61.06999999999642,0.9999999999999958
6108,61.07999999999642,0.9999999999999958
6109,61.089999999996415,0.9999999999999959
6110,61.09999999999641,0.9999999999999959
6111,61.10999999999641,0.9999999999999959
6112,61.11999999999641,0.9999999999999959
6113,61.12999999999641,0.9999999999999959
6114,61.139999999996405,0.999999999999996
6115,61.1499999999964,0.999999999999996
6116,61.1599999999964,0.999999999999996
6117,61.1699999999964,0.999999999999996
6118,61.1799999999964,0.999999999999996
6119,61.189999999996395,0.9999999999999961
6120,61.19999999999639,0.9999999999999961
6121,61.20999999999639,0.9999999999999961
6122,61.21999999999639,0.9999999999999961
6123,61.22999999999639,0.9999999999999961
6124,61.239999999996385,0.9999999999999962
6125,61.24999999999638,0.9999999999999962
6126,61.25999999999638,0.9999999999999962
6127,61.26999999999638,0.9999999999999962
6128,61.27999999999638,0.9999999999999962
6129,61.289999999996375,0.9999999999999963
6130,61.29999999999637,0.9999999999999963
6131,61.30999999999637,0.9999999999999963
6132,61.31999999999637,0.9999999999999963
6133,61.32999999999637,0.9999999999999963
6134,61.339999999996365,0.9999999999999964
6135,61.34999999999636,0.9999999999999964
6136,61.35999999999636,0.9999999999999964
6137,61.36999999999636,0.9999999999999964
6138,61.37999999999636,0.9999999999999964
6139,61.389999999996355,0.9999999999999964
6140,61.39999999999635,0.9999999999999966
6141,61.40999999999635,0.9999999999999966
6142,61.41999999999635,0.9999999999999966
6143,61.42999999999635,0.9999999999999966
6144,61.439999999996346,0.9999999999999966
6145,61.44999999999634,0.9999999999999966
6146,61.45999999999634,0.9999999999999967
6147,61.46999999999634,0.9999999999999967
6148,61.47999999999634,0.9999999999999967
6149,61.489999999996336,0.9999999999999967
6150,61.499999999996334,0.9999999999999967
6151,61.50999999999633,0.9999999999999967
6152,61.51999999999633,0.9999999999999968
6153,61.52999999999633,0.9999999999999968
6154,61.539999999996326,0.9999999999999968
6155,61.549999999996324,0.9999999999999968
6156,61.55999999999632,0.9999999999999968
6157,61.56999999999632,0.9999999999999968
6158,61.57999999999632,0.9999999999999969
6159,61.589999999996316,0.9999999999999969
6160,61.599999999996314,0.9999999999999969
6161,61.60999999999631,0.9999999999999969
6162,61.61999999999631,0.9999999999999969
6163,61.62999999999631,0.9999999999999969
6164,61.639999999996306,0.999999999999997
6165,61.649999999996304,0.999999999999997
6166,61.6599999999963,0.999999999999997
6167,61.6699999999963,0.999999999999997
6168,61.6799999999963,0.999999999999997
6169,61.689999999996296,0.999999999999997
6170,61.699999999996294,0.9999999999999971
6171,61.70999999999629,0.9999999999999971
6172,61.71999999999629,0.9999999999999971
6173,61.72999999999629,0.9999999999999971
6174,61.739999999996286,0.9999999999999971
6175,61.749999999996284,0.9999999999999971
6176,61.75999999999628,0.9999999999999971
6177,61.76999999999628,0.9999999999999972
6178,61.77999999999628,0.9999999999999972
6179,61.789999999996276,0.9999999999999972
6180,61.799999999996274,0.9999999999999972
6181,61.80999999999627,0.9999999999999972
6182,61.81999999999627,0.9999999999999972
6183,61.82999999999627,0.9999999999999972
6184,61.839999999996266,0.9999999999999973
6185,61.849999999996264,0.9999999999999973
6186,61.85999999999626,0.9999999999999973
6187,61.86999999999626,0.9999999999999973
6188,61.87999999999626,0.9999999999999973
6189,61.889999999996256,0.9999999999999973
6190,61.899999999996254,0.9999999999999973
6191,61.90999999999625,0.9999999999999974
6192,61.91999999999625,0.9999999999999974
6193,61.92999999999625,0.9999999999999974
6194,61.939999999996246,0.9999999999999974
6195,61.949999999996244,0.9999999999999974
6196,61.95999999999624,0.9999999999999974
6197,61.96999999999624,0.9999999999999974
6198,61.97999999999624,0.9999999999999974
6199,61.989999999996236,0.9999999999999976
6200,61.999999999996234,0.9999999999999976
6201,62.00999999999623,0.9999999999999976
6202,62.01999999999623,0.9999999999999976
6203,62.02999999999623,0.9999999999999976
6204,62.039999999996226,0.9999999999999976
6205,62.049999999996224,0.9999999999999976
6206,62.05999999999622,0.9999999999999976
6207,62.06999999999622,0.9999999999999977
6208,62.07999999999622,0.9999999999999977
6209,62.089999999996216,0.9999999999999977
6210,62.099999999996214,0.9999999999999977
6211,62.10999999999621,0.9999999999999977
6212,62.11999999999621,0.9999999999999977
6213,62.12999999999621,0.9999999999999977
6214,62.139999999996206,0.9999999999999977
6215,62.149999999996204,0.9999999999999978
6216,62.1599999999962,0.9999999999999978
6217,62.1699999999962,0.9999999999999978
6218,62.1799999999962,0.9999999999999978
6219,62.189999999996196,0.9999999999999978
6220,62.199999999996194,0.9999999999999978
6221,62.20999999999619,0.9999999999999978
6222,62.21999999999619,0.9999999999999978
6223,62.22999999999619,0.9999999999999978
6224,62.239999999996186,0.9999999999999979
6225,62.249999999996184,0.9999999999999979
6226,62.25999999999618,0.9999999999999979
6227,62.26999999999618,0.9999999999999979
6228,62.27999999999618,0.9999999999999979
6229,62.289999999996176,0.9999999999999979
6230,62.299999999996174,0.9999999999999979
6231,62.30999999999617,0.9999999999999979
6232,62.31999999999617,0.9999999999999979
6233,62.32999999999617,0.999999999999998
6234,62.33999999999617,0.999999999999998
6235,62.349999999996164,0.999999999999998
6236,62.35999999999616,0.999999999999998
6237,62.36999999999616,0.999999999999998
6238,62.37999999999616,0.999999999999998
6239,62.38999999999616,0.999999999999998
6240,62.399999999996155,0.999999999999998
6241,62.40999999999615,0.999999999999998
6242,62.41999999999615,0.999999999999998
6243,62.42999999999615,0.9999999999999981
6244,62.43999999999615,0.9999999999999981
6245,62.449999999996145,0.9999999999999981
6246,62.45999999999614,0.9999999999999981
6247,62.46999999999614,0.9999999999999981
6248,62.47999999999614,0.9999999999999981
6249,62.48999999999614,0.9999999999999981
6250,62.499999999996135,0.9999999999999981
6251,62.50999999999613,0.9999999999999981
6252,62.51999999999613,0.9999999999999981
6253,62.52999999999613,0.9999999999999982
6254,62.53999999999613,0.9999999999999982
6255,62.549999999996125,0.9999999999999982
6256,62.55999999999612,0.9999999999999982
6257,62.56999999999612,0.9999999999999982
6258,62.57999999999612,0.9999999999999982
6259,62.58999999999612,0.9999999999999982
6260,62.599999999996115,0.9999999999999982
6261,62.60999999999611,0.9999999999999982
6262,62.61999999999611,0.9999999999999982
6263,62.62999999999611,0.9999999999999982
6264,62.63999999999611,0.9999999999999983
6265,62.649999999996105,0.9999999999999983
6266,62.6599999999961,0.9999999999999983
6267,62.6699999999961,0.9999999999999983
6268,62.6799999999961,0.9999999999999983
6269,62.6899999999961,0.9999999999999983
6270,62.699999999996095,0.9999999999999983
6271,62.70999999999609,0.9999999999999983
6272,62.71999999999609,0.9999999999999983
6273,62.72999999999609,0.9999999999999983
6274,62.73999999999609,0.9999999999999983
6275,62.749999999996085,0.9999999999999984
6276,62.75999999999608,0.9999999999999984
6277,62.76999999999608,0.9999999999999984
6278,62.77999999999608,0.9999999999999984
6279,62.78999999999608,0.9999999999999984
6280,62.799999999996075,0.9999999999999984
6281,62.80999999999607,0.9999999999999984
6282,62.81999999999607,0.9999999999999984
6283,62.82999999999607,0.9999999999999984
6284,62.83999999999607,0.9999999999999984
6285,62.849999999996065,0.9999999999999984
6286,62.85999999999606,0.9999999999999984
6287,62.86999999999606,0.9999999999999984
6288,62.87999999999606,0.9999999999999986
6289,62.88999999999606,0.9999999999999986
6290,62.899999999996055,0.9999999999999986
6291,62.90999999999605,0.9999999999999986
6292,62.91999999999605,0.9999999999999986
6293,62.92999999999605,0.9999999999999986
6294,62.93999999999605,0.9999999999999986
6295,62.949999999996045,0.9999999999999986
6296,62.95999999999604,0.9999999999999986
6297,62.96999999999604,0.9999999999999986
6298,62.97999999999604,0.9999999999999986
6299,62.98999999999604,0.9999999999999986
6300,62.999999999996035,0.9999999999999986
6301,63.00999999999603,0.9999999999999987
6302,63.01999999999603,0.9999999999999987
6303,63.02999999999603,0.9999999999999987
6304,63.03999999999603,0.9999999999999987
6305,63.049999999996025,0.9999999999999987
6306,63.05999999999602,0.9999999999999987
6307,63.06999999999602,0.9999999999999987
6308,63.07999999999602,0.9999999999999987
6309,63.08999999999602,0.9999999999999987
6310,63.099999999996015,0.9999999999999987
6311,63.10999999999601,0.9999999999999987
6312,63.11999999999601,0.9999999999999987
6313,63.12999999999601,0.9999999999999987
6314,63.13999999999601,0.9999999999999987
6315,63.149999999996005,0.9999999999999988
6316,63.159999999996,0.9999999999999988
6317,63.169999999996,0.9999999999999988
6318,63.179999999996,0.9999999999999988
6319,63.189999999996,0.9999999999999988
6320,63.199999999995995,0.9999999999999988
6321,63.20999999999599,0.9999999999999988
6322,63.21999999999599,0.9999999999999988
6323,63.22999999999599,0.9999999999999988
6324,63.23999999999599,0.9999999999999988
6325,63.249999999995985,0.9999999999999988
6326,63.25999999999598,0.9999999999999988
6327,63.26999999999598,0.9999999999999988
6328,63.27999999999598,0.9999999999999988
6329,63.28999999999598,0.9999999999999988
6330,63.299999999995975,0.9999999999999988
6331,63.30999999999597,0.9999999999999989
6332,63.31999999999597,0.9999999999999989
6333,63.32999999999597,0.9999999999999989
6334,63.33999999999597,0.9999999999999989
6335,63.349999999995966,0.9999999999999989
6336,63.35999999999596,0.9999999999999989
6337,63.36999999999596,0.9999999999999989
6338,63.37999999999596,0.9999999999999989
6339,63.38999999999596,0.9999999999999989
6340,63.399999999995956,0.9999999999999989
6341,63.409999999995954,0.9999999999999989
6342,63.41999999999595,0.9999999999999989
6343,63.42999999999595,0.9999999999999989
6344,63.43999999999595,0.9999999999999989
6345,63.449999999995946,0.9999999999999989
6346,63.459999999995944,0.9999999999999989
6347,63.46999999999594,0.9999999999999989
6348,63.47999999999594,0.999999999999999
6349,63.48999999999594,0.999999999999999
6350,63.499999999995936,0.999999999999999
6351,63.509999999995934,0.999999999999999
6352,63.51999999999593,0.999999999999999
6353,63.52999999999593,0.999999999999999
6354,63.53999999999593,0.999999999999999
6355,63.549999999995926,0.999999999999999
6356,63.559999999995924,0.999999999999999
6357,63.56999999999592,0.999999999999999
6358,63.57999999999592,0.999999999999999
6359,63.58999999999592,0.999999999999999
6360,63.599999999995916,0.999999999999999
6361,63.609999999995914,0.999999999999999
6362,63.61999999999591,0.999999999999999
6363,63.62999999999591,0.999999999999999
6364,63.63999999999591,0.999999999999999
6365,63.649999999995906,0.999999999999999
6366,63.659999999995904,0.999999999999999
6367,63.6699999999959,0.9999999999999991
6368,63.6799999999959,0.9999999999999991
6369,63.6899999999959,0.9999999999999991
6370,63.699999999995896,0.9999999999999991
6371,63.709999999995894,0.9999999999999991
6372,63.71999999999589,0.9999999999999991
6373,63.72999999999589,0.9999999999999991
6374,63.73999999999589,0.9999999999999991
6375,63.749999999995886,0.9999999999999991
6376,63.759999999995884,0.9999999999999991
6377,63.76999999999588,0.9999999999999991
6378,63.77999999999588,0.9999999999999991
6379,63.78999999999588,0.9999999999999991
6380,63.799999999995876,0.9999999999999991
6381,63.809999999995874,0.9999999999999991
6382,63.81999999999587,0.9999999999999991
6383,63.82999999999587,0.9999999999999991
6384,63.83999999999587,0.9999999999999991
6385,63.849999999995866,0.9999999999999991
6386,63.859999999995864,0.9999999999999991
6387,63.86999999999586,0.9999999999999991
6388,63.87999999999586,0.9999999999999992
6389,63.88999999999586,0.9999999999999992
6390,63.899999999995856,0.9999999999999992
6391,63.909999999995854,0.9999999999999992
6392,63.91999999999585,0.9999999999999992
6393,63.92999999999585,0.9999999999999992
6394,63.93999999999585,0.9999999999999992
6395,63.949999999995846,0.9999999999999992
6396,63.959999999995844,0.9999999999999992
6397,63.96999999999584,0.9999999999999992
6398,63.97999999999584,0.9999999999999992
6399,63.98999999999584,0.9999999999999992
6400,63.999999999995836,0.9999999999999992
6401,64.00999999999584,0.9999999999999992
6402,64.01999999999585,0.9999999999999992
6403,64.02999999999585,0.9999999999999992
6404,64.03999999999586,0.9999999999999992
6405,64.04999999999586,0.9999999999999992
6406,64.05999999999587,0.9999999999999992
6407,64.06999999999587,0.9999999999999992
6408,64.07999999999588,0.9999999999999992
6409,64.08999999999588,0.9999999999999992
6410,64.09999999999589,0.9999999999999992
6411,64.10999999999589,0.9999999999999992
6412,64.1199999999959,0.9999999999999993
6413,64.1299999999959,0.9999999999999993
6414,64.13999999999591,0.9999999999999993
6415,64.14999999999591,0.9999999999999993
6416,64.15999999999592,0.9999999999999993
6417,64.16999999999592,0.9999999999999993
6418,64.17999999999593,0.9999999999999993
6419,64.18999999999593,0.9999999999999993
6420,64.19999999999594,0.9999999999999993
6421,64.20999999999594,0.9999999999999993
6422,64.21999999999595,0.9999999999999993
6423,64.22999999999595,0.9999999999999993
6424,64.23999999999596,0.9999999999999993
6425,64.24999999999596,0.9999999999999993
6426,64.25999999999597,0.9999999999999993
6427,64.26999999999597,0.9999999999999993
6428,64.27999999999598,0.9999999999999993
6429,64.28999999999598,0.9999999999999993
6430,64.29999999999599,0.9999999999999993
6431,64.309999999996,0.9999999999999993
6432,64.319999999996,0.9999999999999993
6433,64.329999999996,0.9999999999999993
6434,64.33999999999601,0.9999999999999993
6435,64.34999999999602,0.9999999999999993
6436,64.35999999999602,0.9999999999999993
6437,64.36999999999603,0.9999999999999993
6438,64.37999999999603,0.9999999999999993
6439,64.38999999999604,0.9999999999999993
6440,64.39999999999604,0.9999999999999993
6441,64.40999999999605,0.9999999999999994
6442,64.41999999999605,0.9999999999999994
6443,64.42999999999606,0.9999999999999994
6444,64.43999999999606,0.9999999999999994
6445,64.44999999999607,0.9999999999999994
6446,64.45999999999607,0.9999999999999994
6447,64.46999999999608,0.9999999999999994
6448,64.47999999999608,0.9999999999999994
6449,64.48999999999609,0.9999999999999994
6450,64.49999999999609,0.9999999999999994
6451,64.5099999999961,0.9999999999999994
6452,64.5199999999961,0.9999999999999994
6453,64.52999999999611,0.9999999999999994
6454,64.53999999999611,0.9999999999999994
6455,64.54999999999612,0.9999999999999994
6456,64.55999999999612,0.9999999999999994
6457,64.56999999999613,0.9999999999999994
6458,64.57999999999613,0.9999999999999994
6459,64.58999999999614,0.9999999999999994
6460,64.59999999999614,0.9999999999999994
6461,64.60999999999615,0.9999999999999994
6462,64.61999999999615,0.9999999999999994
6463,64.62999999999616,0.9999999999999994
6464,64.63999999999616,0.9999999999999994
6465,64.64999999999617,0.9999999999999994
6466,64.65999999999617,0.9999999999999994
6467,64.66999999999618,0.9999999999999994
6468,64.67999999999618,0.9999999999999994
6469,64.68999999999619,0.9999999999999994
6470,64.6999999999962,0.9999999999999994
6471,64.7099999999962,0.9999999999999994
6472,64.7199999999962,0.9999999999999994
6473,64.72999999999621,0.9999999999999994
6474,64.73999999999621,0.9999999999999996
6475,64.74999999999622,0.9999999999999996
6476,64.75999999999623,0.9999999999999996
6477,64.76999999999623,0.9999999999999996
6478,64.77999999999624,0.9999999999999996
6479,64.78999999999624,0.9999999999999996
6480,64.79999999999625,0.9999999999999996
6481,64.80999999999625,0.9999999999999996
6482,64.81999999999626,0.9999999999999996
6483,64.82999999999626,0.9999999999999996
6484,64.83999999999627,0.9999999999999996
6485,64.84999999999627,0.9999999999999996
6486,64.85999999999628,0.9999999999999996
6487,64.86999999999628,0.9999999999999996
6488,64.87999999999629,0.9999999999999996
6489,64.88999999999629,0.9999999999999996
6490,64.8999999999963,0.9999999999999996
6491,64.9099999999963,0.9999999999999996
6492,64.9199999999963,0.9999999999999996
6493,64.92999999999631,0.9999999999999996
6494,64.93999999999632,0.9999999999999996
6495,64.94999999999632,0.9999999999999996
6496,64.95999999999633,0.9999999999999996
6497,64.96999999999633,0.9999999999999996
6498,64.97999999999634,0.9999999999999996
6499,64.98999999999634,0.9999999999999996
6500,64.99999999999635,0.9999999999999996
6501,65.00999999999635,0.9999999999999996
6502,65.01999999999636,0.9999999999999996
6503,65.02999999999636,0.9999999999999996
6504,65.03999999999637,0.9999999999999996
6505,65.04999999999637,0.9999999999999996
6506,65.05999999999638,0.9999999999999996
6507,65.06999999999638,0.9999999999999996
6508,65.07999999999639,0.9999999999999996
6509,65.0899999999964,0.9999999999999996
6510,65.0999999999964,0.9999999999999996
6511,65.1099999999964,0.9999999999999996
6512,65.11999999999641,0.9999999999999996
6513,65.12999999999641,0.9999999999999996
6514,65.13999999999642,0.9999999999999996
6515,65.14999999999642,0.9999999999999996
6516,65.15999999999643,0.9999999999999997
6517,65.16999999999643,0.9999999999999997
6518,65.17999999999644,0.9999999999999997
6519,65.18999999999645,0.9999999999999997
6520,65.19999999999645,0.9999999999999997
6521,65.20999999999646,0.9999999999999997
6522,65.21999999999646,0.9999999999999997
6523,65.22999999999647,0.9999999999999997
6524,65.23999999999647,0.9999999999999997
6525,65.24999999999648,0.9999999999999997
6526,65.25999999999648,0.9999999999999997
6527,65.26999999999649,0.9999999999999997
6528,65.27999999999649,0.9999999999999997
6529,65.2899999999965,0.9999999999999997
6530,65.2999999999965,0.9999999999999997
6531,65.3099999999965,0.9999999999999997
6532,65.31999999999651,0.9999999999999997
6533,65.32999999999652,0.9999999999999997
6534,65.33999999999652,0.9999999999999997
6535,65.34999999999653,0.9999999999999997
6536,65.35999999999653,0.9999999999999997
6537,65.36999999999654,0.9999999999999997
6538,65.37999999999654,0.9999999999999997
6539,65.38999999999655,0.9999999999999997
6540,65.39999999999655,0.9999999999999997
6541,65.40999999999656,0.9999999999999997
6542,65.41999999999656,0.9999999999999997
6543,65.42999999999657,0.9999999999999997
6544,65.43999999999657,0.9999999999999997
6545,65.44999999999658,0.9999999999999997
6546,65.45999999999658,0.9999999999999997
6547,65.46999999999659,0.9999999999999997
6548,65.4799999999966,0.9999999999999997
6549,65.4899999999966,0.9999999999999997
6550,65.4999999999966,0.9999999999999997
6551,65.50999999999661,0.9999999999999997
6552,65.51999999999661,0.9999999999999997
6553,65.52999999999662,0.9999999999999997
6554,65.53999999999662,0.9999999999999997
6555,65.54999999999663,0.9999999999999997
6556,65.55999999999663,0.9999999999999997
6557,65.56999999999664,0.9999999999999997
6558,65.57999999999664,0.9999999999999997
6559,65.58999999999665,0.9999999999999997
6560,65.59999999999665,0.9999999999999997
6561,65.60999999999666,0.9999999999999997
6562,65.61999999999666,0.9999999999999997
6563,65.62999999999667,0.9999999999999997
6564,65.63999999999668,0.9999999999999997
6565,65.64999999999668,0.9999999999999997
6566,65.65999999999669,0.9999999999999997
6567,65.66999999999669,0.9999999999999997
6568,65.6799999999967,0.9999999999999997
6569,65.6899999999967,0.9999999999999997
6570,65.6999999999967,0.9999999999999997
6571,65.70999999999671,0.9999999999999998
6572,65.71999999999672,0.9999999999999998
6573,65.72999999999672,0.9999999999999998
6574,65.73999999999673,0.9999999999999998
6575,65.74999999999673,0.9999999999999998
6576,65.75999999999674,0.9999999999999998
6577,65.76999999999674,0.9999999999999998
6578,65.77999999999675,0.9999999999999998
6579,65.78999999999675,0.9999999999999998
6580,65.79999999999676,0.9999999999999998
6581,65.80999999999676,0.9999999999999998
6582,65.81999999999677,0.9999999999999998
6583,65.82999999999677,0.9999999999999998
6584,65.83999999999678,0.9999999999999998
6585,65.84999999999678,0.9999999999999998
6586,65.85999999999679,0.9999999999999998
6587,65.86999999999679,0.9999999999999998
6588,65.8799999999968,0.9999999999999998
6589,65.8899999999968,0.9999999999999998
6590,65.89999999999681,0.9999999999999998
6591,65.90999999999681,0.9999999999999998
6592,65.91999999999682,0.9999999999999998
6593,65.92999999999682,0.9999999999999998
6594,65.93999999999683,0.9999999999999998
6595,65.94999999999683,0.9999999999999998
6596,65.95999999999684,0.9999999999999998
6597,65.96999999999684,0.9999999999999998
6598,65.97999999999685,0.9999999999999998
6599,65.98999999999685,0.9999999999999998
6600,65.99999999999686,0.9999999999999998
6601,66.00999999999686,0.9999999999999998
6602,66.01999999999687,0.9999999999999998
6603,66.02999999999687,0.9999999999999998
6604,66.03999999999688,0.9999999999999998
6605,66.04999999999688,0.9999999999999998
6606,66.05999999999689,0.9999999999999998
6607,66.0699999999969,0.9999999999999998
6608,66.0799999999969,0.9999999999999998
6609,66.0899999999969,0.9999999999999998
6610,66.09999999999691,0.9999999999999998
6611,66.10999999999692,0.9999999999999998
6612,66.11999999999692,0.9999999999999998
6613,66.12999999999693,0.9999999999999998
6614,66.13999999999693,0.9999999999999998
6615,66.14999999999694,0.9999999999999998
6616,66.15999999999694,0.9999999999999998
6617,66.16999999999695,0.9999999999999998
6618,66.17999999999695,0.9999999999999998
6619,66.18999999999696,0.9999999999999998
6620,66.19999999999696,0.9999999999999998
6621,66.20999999999697,0.9999999999999998
6622,66.21999999999697,0.9999999999999998
6623,66.22999999999698,0.9999999999999998
6624,66.23999999999698,0.9999999999999998
6625,66.24999999999699,0.9999999999999998
6626,66.25999999999699,0.9999999999999998
6627,66.269999999997,0.9999999999999998
6628,66.279999999997,0.9999999999999998
6629,66.28999999999701,0.9999999999999998
6630,66.29999999999701,0.9999999999999998
6631,66.30999999999702,0.9999999999999998
6632,66.31999999999702,0.9999999999999998
6633,66.32999999999703,0.9999999999999998
6634,66.33999999999703,0.9999999999999998
6635,66.34999999999704,0.9999999999999998
6636,66.35999999999704,0.9999999999999998
6637,66.36999999999705,0.9999999999999998
6638,66.37999999999705,0.9999999999999998
6639,66.38999999999706,0.9999999999999998
6640,66.39999999999706,0.9999999999999998
6641,66.40999999999707,0.9999999999999998
6642,66.41999999999707,0.9999999999999998
6643,66.42999999999708,0.9999999999999998
6644,66.43999999999708,0.9999999999999998
6645,66.44999999999709,0.9999999999999998
6646,66.4599999999971,0.9999999999999998
6647,66.4699999999971,0.9999999999999998
6648,66.4799999999971,0.9999999999999998
6649,66.48999999999711,0.9999999999999998
6650,66.49999999999712,0.9999999999999998
6651,66.50999999999712,0.9999999999999998
6652,66.51999999999713,0.9999999999999998
6653,66.52999999999713,0.9999999999999998
6654,66.53999999999714,0.9999999999999999
6655,66.54999999999714,0.9999999999999999
6656,66.55999999999715,0.9999999999999999
6657,66.56999999999715,0.9999999999999999
6658,66.57999999999716,0.9999999999999999
6659,66.58999999999716,0.9999999999999999
6660,66.59999999999717,0.9999999999999999
6661,66.60999999999717,0.9999999999999999
6662,66.61999999999718,0.9999999999999999
6663,66.62999999999718,0.9999999999999999
6664,66.63999999999719,0.9999999999999999
6665,66.64999999999719,0.9999999999999999
6666,66.6599999999972,0.9999999999999999
6667,66.6699999999972,0.9999999999999999
6668,66.67999999999721,0.9999999999999999
6669,66.68999999999721,0.9999999999999999
6670,66.69999999999722,0.9999999999999999
6671,66.70999999999722,0.9999999999999999
6672,66.71999999999723,0.9999999999999999
6673,66.72999999999723,0.9999999999999999
6674,66.73999999999724,0.9999999999999999
6675,66.74999999999724,0.9999999999999999
6676,66.75999999999725,0.9999999999999999
6677,66.76999999999725,0.9999999999999999
6678,66.77999999999726,0.9999999999999999
6679,66.78999999999726,0.9999999999999999
6680,66.79999999999727,0.9999999999999999
6681,66.80999999999727,0.9999999999999999
6682,66.81999999999728,0.9999999999999999
6683,66.82999999999728,0.9999999999999999
6684,66.83999999999729,0.9999999999999999
6685,66.8499999999973,0.9999999999999999
6686,66.8599999999973,0.9999999999999999
6687,66.8699999999973,0.9999999999999999
6688,66.87999999999731,0.9999999999999999
6689,66.88999999999731,0.9999999999999999
6690,66.89999999999732,0.9999999999999999
6691,66.90999999999732,0.9999999999999999
6692,66.91999999999733,0.9999999999999999
6693,66.92999999999734,0.9999999999999999
6694,66.93999999999734,0.9999999999999999
6695,66.94999999999735,0.9999999999999999
6696,66.95999999999735,0.9999999999999999
6697,66.96999999999736,0.9999999999999999
6698,66.97999999999736,0.9999999999999999
6699,66.98999999999737,0.9999999999999999
6700,66.99999999999737,0.9999999999999999
6701,67.00999999999738,0.9999999999999999
6702,67.01999999999738,0.9999999999999999
6703,67.02999999999739,0.9999999999999999
6704,67.03999999999739,0.9999999999999999
6705,67.0499999999974,0.9999999999999999
6706,67.0599999999974,0.9999999999999999
6707,67.0699999999974,0.9999999999999999
6708,67.07999999999741,0.9999999999999999
6709,67.08999999999742,0.9999999999999999
6710,67.09999999999742,0.9999999999999999
6711,67.10999999999743,0.9999999999999999
6712,67.11999999999743,0.9999999999999999
6713,67.12999999999744,0.9999999999999999
6714,67.13999999999744,0.9999999999999999
6715,67.14999999999745,0.9999999999999999
6716,67.15999999999745,0.9999999999999999
6717,67.16999999999746,0.9999999999999999
6718,67.17999999999746,0.9999999999999999
6719,67.18999999999747,0.9999999999999999
6720,67.19999999999747,0.9999999999999999
6721,67.20999999999748,0.9999999999999999
6722,67.21999999999748,0.9999999999999999
6723,67.22999999999749,0.9999999999999999
6724,67.2399999999975,0.9999999999999999
6725,67.2499999999975,0.9999999999999999
6726,67.2599999999975,0.9999999999999999
6727,67.26999999999751,0.9999999999999999
6728,67.27999999999751,0.9999999999999999
6729,67.28999999999752,0.9999999999999999
6730,67.29999999999752,0.9999999999999999
6731,67.30999999999753,0.9999999999999999
6732,67.31999999999753,0.9999999999999999
6733,67.32999999999754,0.9999999999999999
6734,67.33999999999754,0.9999999999999999
6735,67.34999999999755,0.9999999999999999
6736,67.35999999999756,0.9999999999999999
6737,67.36999999999756,0.9999999999999999
6738,67.37999999999757,0.9999999999999999
6739,67.38999999999757,0.9999999999999999
6740,67.39999999999758,0.9999999999999999
6741,67.40999999999758,0.9999999999999999
6742,67.41999999999759,0.9999999999999999
6743,67.42999999999759,0.9999999999999999
6744,67.4399999999976,0.9999999999999999
6745,67.4499999999976,0.9999999999999999
6746,67.4599999999976,0.9999999999999999
6747,67.46999999999761,0.9999999999999999
6748,67.47999999999762,0.9999999999999999
6749,67.48999999999762,0.9999999999999999
6750,67.49999999999763,0.9999999999999999
6751,67.50999999999763,0.9999999999999999
6752,67.51999999999764,0.9999999999999999
6753,67.52999999999764,0.9999999999999999
6754,67.53999999999765,0.9999999999999999
6755,67.54999999999765,0.9999999999999999
6756,67.55999999999766,0.9999999999999999
6757,67.56999999999766,0.9999999999999999
6758,67.57999999999767,0.9999999999999999
6759,67.58999999999767,0.9999999999999999
6760,67.59999999999768,0.9999999999999999
6761,67.60999999999768,0.9999999999999999
6762,67.61999999999769,0.9999999999999999
6763,67.6299999999977,0.9999999999999999
6764,67.6399999999977,0.9999999999999999
6765,67.6499999999977,0.9999999999999999
6766,67.65999999999771,0.9999999999999999
6767,67.66999999999771,0.9999999999999999
6768,67.67999999999772,0.9999999999999999
6769,67.68999999999772,0.9999999999999999
6770,67.69999999999773,0.9999999999999999
6771,67.70999999999773,0.9999999999999999
6772,67.71999999999774,0.9999999999999999
6773,67.72999999999774,0.9999999999999999
6774,67.73999999999775,0.9999999999999999
6775,67.74999999999775,0.9999999999999999
6776,67.75999999999776,0.9999999999999999
6777,67.76999999999776,0.9999999999999999
6778,67.77999999999777,0.9999999999999999
6779,67.78999999999778,0.9999999999999999
6780,67.79999999999778,0.9999999999999999
6781,67.80999999999779,0.9999999999999999
6782,67.81999999999779,0.9999999999999999
6783,67.8299999999978,0.9999999999999999
6784,67.8399999999978,0.9999999999999999
6785,67.8499999999978,0.9999999999999999
6786,67.85999999999781,0.9999999999999999
6787,67.86999999999782,0.9999999999999999
6788,67.87999999999782,0.9999999999999999
6789,67.88999999999783,0.9999999999999999
6790,67.89999999999783,0.9999999999999999
6791,67.90999999999784,0.9999999999999999
6792,67.91999999999784,0.9999999999999999
6793,67.92999999999785,0.9999999999999999
6794,67.93999999999785,0.9999999999999999
6795,67.94999999999786,0.9999999999999999
6796,67.95999999999786,0.9999999999999999
6797,67.96999999999787,0.9999999999999999
6798,67.97999999999787,0.9999999999999999
6799,67.98999999999788,0.9999999999999999
6800,67.99999999999788,0.9999999999999999
6801,68.00999999999789,0.9999999999999999
6802,68.01999999999789,0.9999999999999999
6803,68.0299999999979,0.9999999999999999
6804,68.0399999999979,0.9999999999999999
6805,68.04999999999791,0.9999999999999999
6806,68.05999999999791,0.9999999999999999
6807,68.06999999999792,0.9999999999999999
6808,68.07999999999792,0.9999999999999999
6809,68.08999999999793,0.9999999999999999
6810,68.09999999999793,0.9999999999999999
6811,68.10999999999794,0.9999999999999999
6812,68.11999999999794,0.9999999999999999
6813,68.12999999999795,0.9999999999999999
6814,68.13999999999795,0.9999999999999999
6815,68.14999999999796,0.9999999999999999
6816,68.15999999999796,0.9999999999999999
6817,68.16999999999797,0.9999999999999999
6818,68.17999999999797,0.9999999999999999
6819,68.18999999999798,0.9999999999999999
6820,68.19999999999798,0.9999999999999999
6821,68.20999999999799,0.9999999999999999
6822,68.219999999998,0.9999999999999999
6823,68.229999999998,0.9999999999999999
6824,68.239999999998,0.9999999999999999
6825,68.24999999999801,0.9999999999999999
6826,68.25999999999802,0.9999999999999999
6827,68.26999999999802,1.0
6828,68.27999999999803,1.0
6829,68.28999999999803,1.0
6830,68.29999999999804,1.0
6831,68.30999999999804,1.0
6832,68.31999999999805,1.0
6833,68.32999999999805,1.0
6834,68.33999999999806,1.0
6835,68.34999999999806,1.0
6836,68.35999999999807,1.0
6837,68.36999999999807,1.0
6838,68.37999999999808,1.0
6839,68.38999999999808,1.0
6840,68.39999999999809,1.0
6841,68.40999999999809,1.0
6842,68.4199999999981,1.0
6843,68.4299999999981,1.0
6844,68.43999999999811,1.0
6845,68.44999999999811,1.0
6846,68.45999999999812,1.0
6847,68.46999999999812,1.0
6848,68.47999999999813,1.0
6849,68.48999999999813,1.0
6850,68.49999999999814,1.0
6851,68.50999999999814,1.0
6852,68.51999999999815,1.0
6853,68.52999999999815,1.0
6854,68.53999999999816,1.0
6855,68.54999999999816,1.0
6856,68.55999999999817,1.0
6857,68.56999999999817,1.0
6858,68.57999999999818,1.0
6859,68.58999999999818,1.0
6860,68.59999999999819,1.0
6861,68.6099999999982,1.0
6862,68.6199999999982,1.0
6863,68.6299999999982,1.0
6864,68.63999999999821,1.0
6865,68.64999999999822,1.0
6866,68.65999999999822,1.0
6867,68.66999999999823,1.0
6868,68.67999999999823,1.0
6869,68.68999999999824,1.0
6870,68.69999999999824,1.0
6871,68.70999999999825,1.0
6872,68.71999999999825,1.0
6873,68.72999999999826,1.0
6874,68.73999999999826,1.0
6875,68.74999999999827,1.0
6876,68.75999999999827,1.0
6877,68.76999999999828,1.0
6878,68.77999999999828,1.0
6879,68.78999999999829,1.0
6880,68.79999999999829,1.0
6881,68.8099999999983,1.0
6882,68.8199999999983,1.0
6883,68.82999999999831,1.0
6884,68.83999999999831,1.0
6885,68.84999999999832,1.0
6886,68.85999999999832,1.0
6887,68.86999999999833,1.0
6888,68.87999999999833,1.0
6889,68.88999999999834,1.0
6890,68.89999999999834,1.0
6891,68.90999999999835,1.0
6892,68.91999999999835,1.0
6893,68.92999999999836,1.0
6894,68.93999999999836,1.0
6895,68.94999999999837,1.0
6896,68.95999999999837,1.0
6897,68.96999999999838,1.0
6898,68.97999999999838,1.0
6899,68.98999999999839,1.0
6900,68.9999999999984,1.0
6901,69.0099999999984,1.0
6902,69.0199999999984,1.0
6903,69.02999999999841,1.0
6904,69.03999999999841,1.0
6905,69.04999999999842,1.0
6906,69.05999999999842,1.0
6907,69.06999999999843,1.0
6908,69.07999999999844,1.0
6909,69.08999999999844,1.0
6910,69.09999999999845,1.0
6911,69.10999999999845,1.0
6912,69.11999999999846,1.0
6913,69.12999999999846,1.0
6914,69.13999999999847,1.0
6915,69.14999999999847,1.0
6916,69.15999999999848,1.0
6917,69.16999999999848,1.0
6918,69.17999999999849,1.0
6919,69.18999999999849,1.0
6920,69.1999999999985,1.0
6921,69.2099999999985,1.0
6922,69.2199999999985,1.0
6923,69.22999999999851,1.0
6924,69.23999999999852,1.0
6925,69.24999999999852,1.0
6926,69.25999999999853,1.0
6927,69.26999999999853,1.0
6928,69.27999999999854,1.0
6929,69.28999999999854,1.0
6930,69.29999999999855,1.0
6931,69.30999999999855,1.0
6932,69.31999999999856,1.0
6933,69.32999999999856,1.0
6934,69.33999999999857,1.0
6935,69.34999999999857,1.0
6936,69.35999999999858,1.0
6937,69.36999999999858,1.0
6938,69.37999999999859,1.0
6939,69.3899999999986,1.0
6940,69.3999999999986,1.0
6941,69.4099999999986,1.0
6942,69.41999999999861,1.0
6943,69.42999999999861,1.0
6944,69.43999999999862,1.0
6945,69.44999999999862,1.0
6946,69.45999999999863,1.0
6947,69.46999999999863,1.0
6948,69.47999999999864,1.0
6949,69.48999999999864,1.0
6950,69.49999999999865,1.0
6951,69.50999999999866,1.0
6952,69.51999999999866,1.0
6953,69.52999999999867,1.0
6954,69.53999999999867,1.0
6955,69.54999999999868,1.0
6956,69.55999999999868,1.0
6957,69.56999999999869,1.0
6958,69.57999999999869,1.0
6959,69.5899999999987,1.0
6960,69.5999999999987,1.0
6961,69.6099999999987,1.0
6962,69.61999999999871,1.0
6963,69.62999999999872,1.0
6964,69.63999999999872,1.0
6965,69.64999999999873,1.0
6966,69.65999999999873,1.0
6967,69.66999999999874,1.0
6968,69.67999999999874,1.0
6969,69.68999999999875,1.0
6970,69.69999999999875,1.0
6971,69.70999999999876,1.0
6972,69.71999999999876,1.0
6973,69.72999999999877,1.0
6974,69.73999999999877,1.0
6975,69.74999999999878,1.0
6976,69.75999999999878,1.0
6977,69.76999999999879,1.0
6978,69.7799999999988,1.0
6979,69.7899999999988,1.0
6980,69.7999999999988,1.0
6981,69.80999999999881,1.0
6982,69.81999999999881,1.0
6983,69.82999999999882,1.0
6984,69.83999999999882,1.0
6985,69.84999999999883,1.0
6986,69.85999999999883,1.0
6987,69.86999999999884,1.0
6988,69.87999999999884,1.0
6989,69.88999999999885,1.0
6990,69.89999999999885,1.0
6991,69.90999999999886,1.0
6992,69.91999999999886,1.0
6993,69.92999999999887,1.0
6994,69.93999999999888,1.0
6995,69.94999999999888,1.0
6996,69.95999999999889,1.0
6997,69.96999999999889,1.0
6998,69.9799999999989,1.0
6999,69.9899999999989,1.0
7000,69.9999999999989,1.0
7001,70.00999999999891,1.0
7002,70.01999999999892,1.0
7003,70.02999999999892,1.0
7004,70.03999999999893,1.0
7005,70.04999999999893,1.0
7006,70.05999999999894,1.0
7007,70.06999999999894,1.0
7008,70.07999999999895,1.0
7009,70.08999999999895,1.0
7010,70.09999999999896,1.0
7011,70.10999999999896,1.0
7012,70.11999999999897,1.0
7013,70.12999999999897,1.0
7014,70.13999999999898,1.0
7015,70.14999999999898,1.0
7016,70.15999999999899,1.0
7017,70.16999999999899,1.0
7018,70.179999999999,1.0
7019,70.189999999999,1.0
7020,70.19999999999901,1.0
7021,70.20999999999901,1.0
7022,70.21999999999902,1.0
7023,70.22999999999902,1.0
7024,70.23999999999903,1.0
7025,70.24999999999903,1.0
7026,70.25999999999904,1.0
7027,70.26999999999904,1.0
7028,70.27999999999905,1.0
7029,70.28999999999905,1.0
7030,70.29999999999906,1.0
7031,70.30999999999906,1.0
7032,70.31999999999907,1.0
7033,70.32999999999907,1.0
7034,70.33999999999908,1.0
7035,70.34999999999908,1.0
7036,70.35999999999909,1.0
7037,70.3699999999991,1.0
7038,70.3799999999991,1.0
7039,70.3899999999991,1.0
7040,70.39999999999911,1.0
7041,70.40999999999912,1.0
7042,70.41999999999912,1.0
7043,70.42999999999913,1.0
7044,70.43999999999913,1.0
7045,70.44999999999914,1.0
7046,70.45999999999914,1.0
7047,70.46999999999915,1.0
7048,70.47999999999915,1.0
7049,70.48999999999916,1.0
7050,70.49999999999916,1.0
7051,70.50999999999917,1.0
7052,70.51999999999917,1.0
7053,70.52999999999918,1.0
7054,70.53999999999918,1.0
7055,70.54999999999919,1.0
7056,70.55999999999919,1.0
7057,70.5699999999992,1.0
7058,70.5799999999992,1.0
7059,70.58999999999921,1.0
7060,70.59999999999921,1.0
7061,70.60999999999922,1.0
7062,70.61999999999922,1.0
7063,70.62999999999923,1.0
7064,70.63999999999923,1.0
7065,70.64999999999924,1.0
7066,70.65999999999924,1.0
7067,70.66999999999925,1.0
7068,70.67999999999925,1.0
7069,70.68999999999926,1.0
7070,70.69999999999926,1.0
7071,70.70999999999927,1.0
7072,70.71999999999927,1.0
7073,70.72999999999928,1.0
7074,70.73999999999928,1.0
7075,70.74999999999929,1.0
7076,70.7599999999993,1.0
7077,70.7699999999993,1.0
7078,70.7799999999993,1.0
7079,70.78999999999931,1.0
7080,70.79999999999932,1.0
7081,70.80999999999932,1.0
7082,70.81999999999933,1.0
7083,70.82999999999933,1.0
7084,70.83999999999934,1.0
7085,70.84999999999934,1.0
7086,70.85999999999935,1.0
7087,70.86999999999935,1.0
7088,70.87999999999936,1.0
7089,70.88999999999936,1.0
7090,70.89999999999937,1.0
7091,70.90999999999937,1.0
7092,70.91999999999938,1.0
7093,70.92999999999938,1.0
7094,70.93999999999939,1.0
7095,70.94999999999939,1.0
7096,70.9599999999994,1.0
7097,70.9699999999994,1.0
7098,70.97999999999941,1.0
7099,70.98999999999941,1.0
7100,70.99999999999942,1.0
7101,71.00999999999942,1.0
7102,71.01999999999943,1.0
7103,71.02999999999943,1.0
7104,71.03999999999944,1.0
7105,71.04999999999944,1.0
7106,71.05999999999945,1.0
7107,71.06999999999945,1.0
7108,71.07999999999946,1.0
7109,71.08999999999946,1.0
7110,71.09999999999947,1.0
7111,71.10999999999947,1.0
7112,71.11999999999948,1.0
7113,71.12999999999948,1.0
7114,71.13999999999949,1.0
7115,71.1499999999995,1.0
7116,71.1599999999995,1.0
7117,71.1699999999995,1.0
7118,71.17999999999951,1.0
7119,71.18999999999951,1.0
7120,71.19999999999952,1.0
7121,71.20999999999952,1.0
7122,71.21999999999953,1.0
7123,71.22999999999954,1.0
7124,71.23999999999954,1.0
7125,71.24999999999955,1.0
7126,71.25999999999955,1.0
7127,71.26999999999956,1.0
7128,71.27999999999956,1.0
7129,71.28999999999957,1.0
7130,71.29999999999957,1.0
7131,71.30999999999958,1.0
7132,71.31999999999958,1.0
7133,71.32999999999959,1.0
7134,71.33999999999959,1.0
7135,71.3499999999996,1.0
7136,71.3599999999996,1.0
7137,71.3699999999996,1.0
7138,71.37999999999961,1.0
7139,71.38999999999962,1.0
7140,71.39999999999962,1.0
7141,71.40999999999963,1.0
7142,71.41999999999963,1.0
7143,71.42999999999964,1.0
7144,71.43999999999964,1.0
7145,71.44999999999965,1.0
7146,71.45999999999965,1.0
7147,71.46999999999966,1.0
7148,71.47999999999966,1.0
7149,71.48999999999967,1.0
7150,71.49999999999967,1.0
7151,71.50999999999968,1.0
7152,71.51999999999968,1.0
7153,71.52999999999969,1.0
7154,71.5399999999997,1.0
7155,71.5499999999997,1.0
7156,71.5599999999997,1.0
7157,71.56999999999971,1.0
7158,71.57999999999971,1.0
7159,71.58999999999972,1.0
7160,71.59999999999972,1.0
7161,71.60999999999973,1.0
7162,71.61999999999973,1.0
7163,71.62999999999974,1.0
7164,71.63999999999974,1.0
7165,71.64999999999975,1.0
7166,71.65999999999976,1.0
7167,71.66999999999976,1.0
7168,71.67999999999977,1.0
7169,71.68999999999977,1.0
7170,71.69999999999978,1.0
7171,71.70999999999978,1.0
7172,71.71999999999979,1.0
7173,71.72999999999979,1.0
7174,71.7399999999998,1.0
7175,71.7499999999998,1.0
7176,71.7599999999998,1.0
7177,71.76999999999981,1.0
7178,71.77999999999982,1.0
7179,71.78999999999982,1.0
7180,71.79999999999983,1.0
7181,71.80999999999983,1.0
7182,71.81999999999984,1.0
7183,71.82999999999984,1.0
7184,71.83999999999985,1.0
7185,71.84999999999985,1.0
7186,71.85999999999986,1.0
7187,71.86999999999986,1.0
7188,71.87999999999987,1.0
7189,71.88999999999987,1.0
7190,71.89999999999988,1.0
7191,71.90999999999988,1.0
7192,71.91999999999989,1.0
7193,71.9299999999999,1.0
7194,71.9399999999999,1.0
7195,71.9499999999999,1.0
7196,71.95999999999991,1.0
7197,71.96999999999991,1.0
7198,71.97999999999992,1.0
7199,71.98999999999992,1.0
7200,71.99999999999993,1.0
7201,72.00999999999993,1.0
7202,72.01999999999994,1.0
7203,72.02999999999994,1.0
7204,72.03999999999995,1.0
7205,72.04999999999995,1.0
7206,72.05999999999996,1.0
7207,72.06999999999996,1.0
7208,72.07999999999997,1.0
7209,72.08999999999997,1.0
7210,72.09999999999998,1.0
7211,72.10999999999999,1.0
7212,72.11999999999999,1.0
7213,72.13,1.0
7214,72.14,1.0
7215,72.15,1.0
7216,72.16000000000001,1.0
7217,72.17000000000002,1.0
7218,72.18000000000002,1.0
7219,72.19000000000003,1.0
7220,72.20000000000003,1.0
7221,72.21000000000004,1.0
7222,72.22000000000004,1.0
7223,72.23000000000005,1.0
7224,72.24000000000005,1.0
7225,72.25000000000006,1.0
7226,72.26000000000006,1.0
7227,72.27000000000007,1.0
7228,72.28000000000007,1.0
7229,72.29000000000008,1.0
7230,72.30000000000008,1.0
7231,72.31000000000009,1.0
7232,72.32000000000009,1.0
7233,72.3300000000001,1.0
7234,72.3400000000001,1.0
7235,72.35000000000011,1.0
7236,72.36000000000011,1.0
7237,72.37000000000012,1.0
7238,72.38000000000012,1.0
7239,72.39000000000013,1.0
7240,72.40000000000013,1.0
7241,72.41000000000014,1.0
7242,72.42000000000014,1.0
7243,72.43000000000015,1.0
7244,72.44000000000015,1.0
7245,72.45000000000016,1.0
7246,72.46000000000016,1.0
7247,72.47000000000017,1.0
7248,72.48000000000017,1.0
7249,72.49000000000018,1.0
7250,72.50000000000018,1.0
7251,72.51000000000019,1.0
7252,72.5200000000002,1.0
7253,72.5300000000002,1.0
7254,72.5400000000002,1.0
7255,72.55000000000021,1.0
7256,72.56000000000022,1.0
7257,72.57000000000022,1.0
7258,72.58000000000023,1.0
7259,72.59000000000023,1.0
7260,72.60000000000024,1.0
7261,72.61000000000024,1.0
7262,72.62000000000025,1.0
7263,72.63000000000025,1.0
7264,72.64000000000026,1.0
7265,72.65000000000026,1.0
7266,72.66000000000027,1.0
7267,72.67000000000027,1.0
7268,72.68000000000028,1.0
7269,72.69000000000028,1.0
7270,72.70000000000029,1.0
7271,72.71000000000029,1.0
7272,72.7200000000003,1.0
7273,72.7300000000003,1.0
7274,72.74000000000031,1.0
7275,72.75000000000031,1.0
7276,72.76000000000032,1.0
7277,72.77000000000032,1.0
7278,72.78000000000033,1.0
7279,72.79000000000033,1.0
7280,72.80000000000034,1.0
7281,72.81000000000034,1.0
7282,72.82000000000035,1.0
7283,72.83000000000035,1.0
7284,72.84000000000036,1.0
7285,72.85000000000036,1.0
7286,72.86000000000037,1.0
7287,72.87000000000037,1.0
7288,72.88000000000038,1.0
7289,72.89000000000038,1.0
7290,72.90000000000039,1.0
7291,72.9100000000004,1.0
7292,72.9200000000004,1.0
7293,72.9300000000004,1.0
7294,72.94000000000041,1.0
7295,72.95000000000041,1.0
7296,72.96000000000042,1.0
7297,72.97000000000043,1.0
7298,72.98000000000043,1.0
7299,72.99000000000044,1.0
7300,73.00000000000044,1.0
7301,73.01000000000045,1.0
7302,73.02000000000045,1.0
7303,73.03000000000046,1.0
7304,73.04000000000046,1.0
7305,73.05000000000047,1.0
7306,73.06000000000047,1.0
7307,73.07000000000048,1.0
7308,73.08000000000048,1.0
7309,73.09000000000049,1.0
7310,73.10000000000049,1.0
7311,73.1100000000005,1.0
7312,73.1200000000005,1.0
7313,73.1300000000005,1.0
7314,73.14000000000051,1.0
7315,73.15000000000052,1.0
7316,73.16000000000052,1.0
7317,73.17000000000053,1.0
7318,73.18000000000053,1.0
7319,73.19000000000054,1.0
7320,73.20000000000054,1.0
7321,73.21000000000055,1.0
7322,73.22000000000055,1.0
7323,73.23000000000056,1.0
7324,73.24000000000056,1.0
7325,73.25000000000057,1.0
7326,73.26000000000057,1.0
7327,73.27000000000058,1.0
7328,73.28000000000058,1.0
7329,73.29000000000059,1.0
7330,73.3000000000006,1.0
7331,73.3100000000006,1.0
7332,73.3200000000006,1.0
7333,73.33000000000061,1.0
7334,73.34000000000061,1.0
7335,73.35000000000062,1.0
7336,73.36000000000062,1.0
7337,73.37000000000063,1.0
7338,73.38000000000063,1.0
7339,73.39000000000064,1.0
7340,73.40000000000065,1.0
7341,73.41000000000065,1.0
7342,73.42000000000066,1.0
7343,73.43000000000066,1.0
7344,73.44000000000067,1.0
7345,73.45000000000067,1.0
7346,73.46000000000068,1.0
7347,73.47000000000068,1.0
7348,73.48000000000069,1.0
7349,73.49000000000069,1.0
7350,73.5000000000007,1.0
7351,73.5100000000007,1.0
7352,73.5200000000007,1.0
7353,73.53000000000071,1.0
7354,73.54000000000072,1.0
7355,73.55000000000072,1.0
7356,73.56000000000073,1.0
7357,73.57000000000073,1.0
7358,73.58000000000074,1.0
7359,73.59000000000074,1.0
7360,73.60000000000075,1.0
7361,73.61000000000075,1.0
7362,73.62000000000076,1.0
7363,73.63000000000076,1.0
7364,73.64000000000077,1.0
7365,73.65000000000077,1.0
7366,73.66000000000078,1.0
7367,73.67000000000078,1.0
7368,73.68000000000079,1.0
7369,73.6900000000008,1.0
7370,73.7000000000008,1.0
7371,73.7100000000008,1.0
7372,73.72000000000081,1.0
7373,73.73000000000081,1.0
7374,73.74000000000082,1.0
7375,73.75000000000082,1.0
7376,73.76000000000083,1.0
7377,73.77000000000083,1.0
7378,73.78000000000084,1.0
7379,73.79000000000084,1.0
7380,73.80000000000085,1.0
7381,73.81000000000085,1.0
7382,73.82000000000086,1.0
7383,73.83000000000087,1.0
7384,73.84000000000087,1.0
7385,73.85000000000088,1.0
7386,73.86000000000088,1.0
7387,73.87000000000089,1.0
7388,73.88000000000089,1.0
7389,73.8900000000009,1.0
7390,73.9000000000009,1.0
7391,73.9100000000009,1.0
7392,73.92000000000091,1.0
7393,73.93000000000092,1.0
7394,73.94000000000092,1.0
7395,73.95000000000093,1.0
7396,73.96000000000093,1.0
7397,73.97000000000094,1.0
7398,73.98000000000094,1.0
7399,73.99000000000095,1.0
7400,74.00000000000095,1.0
7401,74.01000000000096,1.0
7402,74.02000000000096,1.0
7403,74.03000000000097,1.0
7404,74.04000000000097,1.0
7405,74.05000000000098,1.0
7406,74.06000000000098,1.0
7407,74.07000000000099,1.0
7408,74.080000000001,1.0
7409,74.090000000001,1.0
7410,74.100000000001,1.0
7411,74.11000000000101,1.0
7412,74.12000000000101,1.0
7413,74.13000000000102,1.0
7414,74.14000000000102,1.0
7415,74.15000000000103,1.0
7416,74.16000000000103,1.0
7417,74.17000000000104,1.0
7418,74.18000000000104,1.0
7419,74.19000000000105,1.0
7420,74.20000000000105,1.0
7421,74.21000000000106,1.0
7422,74.22000000000106,1.0
7423,74.23000000000107,1.0
7424,74.24000000000107,1.0
7425,74.25000000000108,1.0
7426,74.26000000000109,1.0
7427,74.27000000000109,1.0
7428,74.2800000000011,1.0
7429,74.2900000000011,1.0
7430,74.3000000000011,1.0
7431,74.31000000000111,1.0
7432,74.32000000000112,1.0
7433,74.33000000000112,1.0
7434,74.34000000000113,1.0
7435,74.35000000000113,1.0
7436,74.36000000000114,1.0
7437,74.37000000000114,1.0
7438,74.38000000000115,1.0
7439,74.39000000000115,1.0
7440,74.40000000000116,1.0
7441,74.41000000000116,1.0
7442,74.42000000000117,1.0
7443,74.43000000000117,1.0
7444,74.44000000000118,1.0
7445,74.45000000000118,1.0
7446,74.46000000000119,1.0
7447,74.47000000000119,1.0
7448,74.4800000000012,1.0
7449,74.4900000000012,1.0
7450,74.50000000000121,1.0
7451,74.51000000000121,1.0
7452,74.52000000000122,1.0
7453,74.53000000000122,1.0
7454,74.54000000000123,1.0
7455,74.55000000000123,1.0
7456,74.56000000000124,1.0
7457,74.57000000000124,1.0
7458,74.58000000000125,1.0
7459,74.59000000000125,1.0
7460,74.60000000000126,1.0
7461,74.61000000000126,1.0
7462,74.62000000000127,1.0
7463,74.63000000000127,1.0
7464,74.64000000000128,1.0
7465,74.65000000000128,1.0
7466,74.66000000000129,1.0
7467,74.6700000000013,1.0
7468,74.6800000000013,1.0
7469,74.6900000000013,1.0
7470,74.70000000000131,1.0
7471,74.71000000000132,1.0
7472,74.72000000000132,1.0
7473,74.73000000000133,1.0
7474,74.74000000000133,1.0
7475,74.75000000000134,1.0
7476,74.76000000000134,1.0
7477,74.77000000000135,1.0
7478,74.78000000000135,1.0
7479,74.79000000000136,1.0
7480,74.80000000000136,1.0
7481,74.81000000000137,1.0
7482,74.82000000000137,1.0
7483,74.83000000000138,1.0
7484,74.84000000000138,1.0
7485,74.85000000000139,1.0
7486,74.86000000000139,1.0
7487,74.8700000000014,1.0
7488,74.8800000000014,1.0
7489,74.89000000000141,1.0
7490,74.90000000000141,1.0
7491,74.91000000000142,1.0
7492,74.92000000000142,1.0
7493,74.93000000000143,1.0
7494,74.94000000000143,1.0
7495,74.95000000000144,1.0
7496,74.96000000000144,1.0
7497,74.97000000000145,1.0
7498,74.98000000000145,1.0
7499,74.99000000000146,1.0
7500,75.00000000000146,1.0
7501,75.01000000000147,1.0
7502,75.02000000000147,1.0
7503,75.03000000000148,1.0
7504,75.04000000000148,1.0
7505,75.05000000000149,1.0
7506,75.0600000000015,1.0
7507,75.0700000000015,1.0
7508,75.0800000000015,1.0
7509,75.09000000000151,1.0
7510,75.10000000000151,1.0
7511,75.11000000000152,1.0
7512,75.12000000000153,1.0
7513,75.13000000000153,1.0
7514,75.14000000000154,1.0
7515,75.15000000000154,1.0
7516,75.16000000000155,1.0
7517,75.17000000000155,1.0
7518,75.18000000000156,1.0
7519,75.19000000000156,1.0
7520,75.20000000000157,1.0
7521,75.21000000000157,1.0
7522,75.22000000000158,1.0
7523,75.23000000000158,1.0
7524,75.24000000000159,1.0
7525,75.25000000000159,1.0
7526,75.2600000000016,1.0
7527,75.2700000000016,1.0
7528,75.2800000000016,1.0
7529,75.29000000000161,1.0
7530,75.30000000000162,1.0
7531,75.31000000000162,1.0
7532,75.32000000000163,1.0
7533,75.33000000000163,1.0
7534,75.34000000000164,1.0
7535,75.35000000000164,1.0
7536,75.36000000000165,1.0
7537,75.37000000000165,1.0
7538,75.38000000000166,1.0
7539,75.39000000000166,1.0
7540,75.40000000000167,1.0
7541,75.41000000000167,1.0
7542,75.42000000000168,1.0
7543,75.43000000000168,1.0
7544,75.44000000000169,1.0
7545,75.4500000000017,1.0
7546,75.4600000000017,1.0
7547,75.4700000000017,1.0
7548,75.48000000000171,1.0
7549,75.49000000000171,1.0
7550,75.50000000000172,1.0
7551,75.51000000000172,1.0
7552,75.52000000000173,1.0
7553,75.53000000000173,1.0
7554,75.54000000000174,1.0
7555,75.55000000000175,1.0
7556,75.56000000000175,1.0
7557,75.57000000000176,1.0
7558,75.58000000000176,1.0
7559,75.59000000000177,1.0
7560,75.60000000000177,1.0
7561,75.61000000000178,1.0
7562,75.62000000000178,1.0
7563,75.63000000000179,1.0
7564,75.64000000000179,1.0
7565,75.6500000000018,1.0
7566,75.6600000000018,1.0
7567,75.6700000000018,1.0
7568,75.68000000000181,1.0
7569,75.69000000000182,1.0
7570,75.70000000000182,1.0
7571,75.71000000000183,1.0
7572,75.72000000000183,1.0
7573,75.73000000000184,1.0
7574,75.74000000000184,1.0
7575,75.75000000000185,1.0
7576,75.76000000000185,1.0
7577,75.77000000000186,1.0
7578,75.78000000000186,1.0
7579,75.79000000000187,1.0
7580,75.80000000000187,1.0
7581,75.81000000000188,1.0
7582,75.82000000000188,1.0
7583,75.83000000000189,1.0
7584,75.8400000000019,1.0
7585,75.8500000000019,1.0
7586,75.8600000000019,1.0
7587,75.87000000000191,1.0
7588,75.88000000000191,1.0
7589,75.89000000000192,1.0
7590,75.90000000000192,1.0
7591,75.91000000000193,1.0
7592,75.92000000000193,1.0
7593,75.93000000000194,1.0
7594,75.94000000000194,1.0
7595,75.95000000000195,1.0
7596,75.96000000000195,1.0
7597,75.97000000000196,1.0
7598,75.98000000000197,1.0
7599,75.99000000000197,1.0
7600,76.00000000000198,1.0
7601,76.01000000000198,1.0
7602,76.02000000000199,1.0
7603,76.03000000000199,1.0
7604,76.040000000002,1.0
7605,76.050000000002,1.0
7606,76.060000000002,1.0
7607,76.07000000000201,1.0
7608,76.08000000000202,1.0
7609,76.09000000000202,1.0
7610,76.10000000000203,1.0
7611,76.11000000000203,1.0
7612,76.12000000000204,1.0
7613,76.13000000000204,1.0
7614,76.14000000000205,1.0
7615,76.15000000000205,1.0
7616,76.16000000000206,1.0
7617,76.17000000000206,1.0
7618,76.18000000000207,1.0
7619,76.19000000000207,1.0
7620,76.20000000000208,1.0
7621,76.21000000000208,1.0
7622,76.22000000000209,1.0
7623,76.2300000000021,1.0
7624,76.2400000000021,1.0
7625,76.2500000000021,1.0
7626,76.26000000000211,1.0
7627,76.27000000000211,1.0
7628,76.28000000000212,1.0
7629,76.29000000000212,1.0
7630,76.30000000000213,1.0
7631,76.31000000000213,1.0
7632,76.32000000000214,1.0
7633,76.33000000000214,1.0
7634,76.34000000000215,1.0
7635,76.35000000000215,1.0
7636,76.36000000000216,1.0
7637,76.37000000000216,1.0
7638,76.38000000000217,1.0
7639,76.39000000000217,1.0
7640,76.40000000000218,1.0
7641,76.41000000000219,1.0
7642,76.42000000000219,1.0
7643,76.4300000000022,1.0
7644,76.4400000000022,1.0
7645,76.4500000000022,1.0
7646,76.46000000000221,1.0
7647,76.47000000000222,1.0
7648,76.48000000000222,1.0
7649,76.49000000000223,1.0
7650,76.50000000000223,1.0
7651,76.51000000000224,1.0
7652,76.52000000000224,1.0
7653,76.53000000000225,1.0
7654,76.54000000000225,1.0
7655,76.55000000000226,1.0
7656,76.56000000000226,1.0
7657,76.57000000000227,1.0
7658,76.58000000000227,1.0
7659,76.59000000000228,1.0
7660,76.60000000000228,1.0
7661,76.61000000000229,1.0
7662,76.62000000000229,1.0
7663,76.6300000000023,1.0
7664,76.6400000000023,1.0
7665,76.65000000000231,1.0
7666,76.66000000000231,1.0
7667,76.67000000000232,1.0
7668,76.68000000000232,1.0
7669,76.69000000000233,1.0
7670,76.70000000000233,1.0
7671,76.71000000000234,1.0
7672,76.72000000000234,1.0
7673,76.73000000000235,1.0
7674,76.74000000000235,1.0
7675,76.75000000000236,1.0
7676,76.76000000000236,1.0
7677,76.77000000000237,1.0
7678,76.78000000000237,1.0
7679,76.79000000000238,1.0
7680,76.80000000000238,1.0
7681,76.81000000000239,1.0
7682,76.8200000000024,1.0
7683,76.8300000000024,1.0
7684,76.8400000000024,1.0
7685,76.85000000000241,1.0
7686,76.86000000000242,1.0
7687,76.87000000000242,1.0
7688,76.88000000000243,1.0
7689,76.89000000000243,1.0
7690,76.90000000000244,1.0
7691,76.91000000000244,1.0
7692,76.92000000000245,1.0
7693,76.93000000000245,1.0
7694,76.94000000000246,1.0
7695,76.95000000000246,1.0
7696,76.96000000000247,1.0
7697,76.97000000000247,1.0
7698,76.98000000000248,1.0
7699,76.99000000000248,1.0
7700,77.00000000000249,1.0
7701,77.01000000000249,1.0
7702,77.0200000000025,1.0
7703,77.0300000000025,1.0
7704,77.04000000000251,1.0
7705,77.05000000000251,1.0
7706,77.06000000000252,1.0
7707,77.07000000000252,1.0
7708,77.08000000000253,1.0
7709,77.09000000000253,1.0
7710,77.10000000000254,1.0
7711,77.11000000000254,1.0
7712,77.12000000000255,1.0
7713,77.13000000000255,1.0
7714,77.14000000000256,1.0
7715,77.15000000000256,1.0
7716,77.16000000000257,1.0
7717,77.17000000000257,1.0
7718,77.18000000000258,1.0
7719,77.19000000000258,1.0
7720,77.20000000000259,1.0
7721,77.2100000000026,1.0
7722,77.2200000000026,1.0
7723,77.2300000000026,1.0
7724,77.24000000000261,1.0
7725,77.25000000000261,1.0
7726,77.26000000000262,1.0
7727,77.27000000000263,1.0
7728,77.28000000000263,1.0
7729,77.29000000000264,1.0
7730,77.30000000000264,1.0
7731,77.31000000000265,1.0
7732,77.32000000000265,1.0
7733,77.33000000000266,1.0
7734,77.34000000000266,1.0
7735,77.35000000000267,1.0
7736,77.36000000000267,1.0
7737,77.37000000000268,1.0
7738,77.38000000000268,1.0
7739,77.39000000000269,1.0
7740,77.40000000000269,1.0
7741,77.4100000000027,1.0
7742,77.4200000000027,1.0
7743,77.4300000000027,1.0
7744,77.44000000000271,1.0
7745,77.45000000000272,1.0
7746,77.46000000000272,1.0
7747,77.47000000000273,1.0
7748,77.48000000000273,1.0
7749,77.49000000000274,1.0
7750,77.50000000000274,1.0
7751,77.51000000000275,1.0
7752,77.52000000000275,1.0
7753,77.53000000000276,1.0
7754,77.54000000000276,1.0
7755,77.55000000000277,1.0
7756,77.56000000000277,1.0
7757,77.57000000000278,1.0
7758,77.58000000000278,1.0
7759,77.59000000000279,1.0
7760,77.6000000000028,1.0
7761,77.6100000000028,1.0
7762,77.6200000000028,1.0
7763,77.63000000000281,1.0
7764,77.64000000000281,1.0
7765,77.65000000000282,1.0
7766,77.66000000000282,1.0
7767,77.67000000000283,1.0
7768,77.68000000000283,1.0
7769,77.69000000000284,1.0
7770,77.70000000000285,1.0
7771,77.71000000000285,1.0
7772,77.72000000000286,1.0
7773,77.73000000000286,1.0
7774,77.74000000000287,1.0
7775,77.75000000000287,1.0
7776,77.76000000000288,1.0
7777,77.77000000000288,1.0
7778,77.78000000000289,1.0
7779,77.79000000000289,1.0
7780,77.8000000000029,1.0
7781,77.8100000000029,1.0
7782,77.8200000000029,1.0
7783,77.83000000000291,1.0
7784,77.84000000000292,1.0
7785,77.85000000000292,1.0
7786,77.86000000000293,1.0
7787,77.87000000000293,1.0
7788,77.88000000000294,1.0
7789,77.89000000000294,1.0
7790,77.90000000000295,1.0
7791,77.91000000000295,1.0
7792,77.92000000000296,1.0
7793,77.93000000000296,1.0
7794,77.94000000000297,1.0
7795,77.95000000000297,1.0
7796,77.96000000000298,1.0
7797,77.97000000000298,1.0
7798,77.98000000000299,1.0
7799,77.990000000003,1.0
7800,78.000000000003,1.0
7801,78.010000000003,1.0
7802,78.02000000000301,1.0
7803,78.03000000000301,1.0
7804,78.04000000000302,1.0
7805,78.05000000000302,1.0
7806,78.06000000000303,1.0
7807,78.07000000000303,1.0
7808,78.08000000000304,1.0
7809,78.09000000000304,1.0
7810,78.10000000000305,1.0
7811,78.11000000000305,1.0
7812,78.12000000000306,1.0
7813,78.13000000000306,1.0
7814,78.14000000000307,1.0
7815,78.15000000000308,1.0
7816,78.16000000000308,1.0
7817,78.17000000000309,1.0
7818,78.18000000000309,1.0
7819,78.1900000000031,1.0
7820,78.2000000000031,1.0
7821,78.2100000000031,1.0
7822,78.22000000000311,1.0
7823,78.23000000000312,1.0
7824,78.24000000000312,1.0
7825,78.25000000000313,1.0
7826,78.26000000000313,1.0
7827,78.27000000000314,1.0
7828,78.28000000000314,1.0
7829,78.29000000000315,1.0
7830,78.30000000000315,1.0
7831,78.31000000000316,1.0
7832,78.32000000000316,1.0
7833,78.33000000000317,1.0
7834,78.34000000000317,1.0
7835,78.35000000000318,1.0
7836,78.36000000000318,1.0
7837,78.37000000000319,1.0
7838,78.3800000000032,1.0
7839,78.3900000000032,1.0
7840,78.4000000000032,1.0
7841,78.41000000000321,1.0
7842,78.42000000000321,1.0
7843,78.43000000000322,1.0
7844,78.44000000000322,1.0
7845,78.45000000000323,1.0
7846,78.46000000000323,1.0
7847,78.47000000000324,1.0
7848,78.48000000000324,1.0
7849,78.49000000000325,1.0
7850,78.50000000000325,1.0
7851,78.51000000000326,1.0
7852,78.52000000000326,1.0
7853,78.53000000000327,1.0
7854,78.54000000000327,1.0
7855,78.55000000000328,1.0
7856,78.56000000000328,1.0
7857,78.57000000000329,1.0
7858,78.5800000000033,1.0
7859,78.5900000000033,1.0
7860,78.6000000000033,1.0
7861,78.61000000000331,1.0
7862,78.62000000000332,1.0
7863,78.63000000000332,1.0
7864,78.64000000000333,1.0
7865,78.65000000000333,1.0
7866,78.66000000000334,1.0
7867,78.67000000000334,1.0
7868,78.68000000000335,1.0
7869,78.69000000000335,1.0
7870,78.70000000000336,1.0
7871,78.71000000000336,1.0
7872,78.72000000000337,1.0
7873,78.73000000000337,1.0
7874,78.74000000000338,1.0
7875,78.75000000000338,1.0
7876,78.76000000000339,1.0
7877,78.77000000000339,1.0
7878,78.7800000000034,1.0
7879,78.7900000000034,1.0
7880,78.80000000000341,1.0
7881,78.81000000000341,1.0
7882,78.82000000000342,1.0
7883,78.83000000000342,1.0
7884,78.84000000000343,1.0
7885,78.85000000000343,1.0
7886,78.86000000000344,1.0
7887,78.87000000000344,1.0
7888,78.88000000000345,1.0
7889,78.89000000000345,1.0
7890,78.90000000000346,1.0
7891,78.91000000000346,1.0
7892,78.92000000000347,1.0
7893,78.93000000000347,1.0
7894,78.94000000000348,1.0
7895,78.95000000000348,1.0
7896,78.96000000000349,1.0
7897,78.9700000000035,1.0
7898,78.9800000000035,1.0
7899,78.9900000000035,1.0
7900,79.00000000000351,1.0
7901,79.01000000000352,1.0
7902,79.02000000000352,1.0
7903,79.03000000000353,1.0
7904,79.04000000000353,1.0
7905,79.05000000000354,1.0
7906,79.06000000000354,1.0
7907,79.07000000000355,1.0
7908,79.08000000000355,1.0
7909,79.09000000000356,1.0
7910,79.10000000000356,1.0
7911,79.11000000000357,1.0
7912,79.12000000000357,1.0
7913,79.13000000000358,1.0
7914,79.14000000000358,1.0
7915,79.15000000000359,1.0
7916,79.16000000000359,1.0
7917,79.1700000000036,1.0
7918,79.1800000000036,1.0
7919,79.19000000000361,1.0
7920,79.20000000000361,1.0
7921,79.21000000000362,1.0
7922,79.22000000000362,1.0
7923,79.23000000000363,1.0
7924,79.24000000000363,1.0
7925,79.25000000000364,1.0
7926,79.26000000000364,1.0
7927,79.27000000000365,1.0
7928,79.28000000000365,1.0
7929,79.29000000000366,1.0
7930,79.30000000000366,1.0
7931,79.31000000000367,1.0
7932,79.32000000000367,1.0
7933,79.33000000000368,1.0
7934,79.34000000000368,1.0
7935,79.35000000000369,1.0
7936,79.3600000000037,1.0
7937,79.3700000000037,1.0
7938,79.3800000000037,1.0
7939,79.39000000000371,1.0
7940,79.40000000000371,1.0
7941,79.41000000000372,1.0
7942,79.42000000000372,1.0
7943,79.43000000000373,1.0
7944,79.44000000000374,1.0
7945,79.45000000000374,1.0
7946,79.46000000000375,1.0
7947,79.47000000000375,1.0
7948,79.48000000000376,1.0
7949,79.49000000000376,1.0
7950,79.50000000000377,1.0
7951,79.51000000000377,1.0
7952,79.52000000000378,1.0
7953,79.53000000000378,1.0
7954,79.54000000000379,1.0
7955,79.55000000000379,1.0
7956,79.5600000000038,1.0
7957,79.5700000000038,1.0
7958,79.5800000000038,1.0
7959,79.59000000000381,1.0
7960,79.60000000000382,1.0
7961,79.61000000000382,1.0
7962,79.62000000000383,1.0
7963,79.63000000000383,1.0
7964,79.64000000000384,1.0
7965,79.65000000000384,1.0
7966,79.66000000000385,1.0
7967,79.67000000000385,1.0
7968,79.68000000000386,1.0
7969,79.69000000000386,1.0
7970,79.70000000000387,1.0
7971,79.71000000000387,1.0
7972,79.72000000000388,1.0
7973,79.73000000000388,1.0
7974,79.74000000000389,1.0
7975,79.7500000000039,1.0
7976,79.7600000000039,1.0
7977,79.7700000000039,1.0
7978,79.78000000000391,1.0
7979,79.79000000000391,1.0
7980,79.80000000000392,1.0
7981,79.81000000000392,1.0
7982,79.82000000000393,1.0
7983,79.83000000000393,1.0
7984,79.84000000000394,1.0
7985,79.85000000000394,1.0
7986,79.86000000000395,1.0
7987,79.87000000000396,1.0
7988,79.88000000000396,1.0
7989,79.89000000000397,1.0
7990,79.90000000000397,1.0
7991,79.91000000000398,1.0
7992,79.92000000000398,1.0
7993,79.93000000000399,1.0
7994,79.94000000000399,1.0
7995,79.950000000004,1.0
7996,79.960000000004,1.0
7997,79.970000000004,1.0
7998,79.98000000000401,1.0
7999,79.99000000000402,1.0
8000,80.00000000000402,1.0
8001,80.01000000000403,1.0
8002,80.02000000000403,1.0
8003,80.03000000000404,1.0
8004,80.04000000000404,1.0
8005,80.05000000000405,1.0
8006,80.06000000000405,1.0
8007,80.07000000000406,1.0
8008,80.08000000000406,1.0
8009,80.09000000000407,1.0
8010,80.10000000000407,1.0
8011,80.11000000000408,1.0
8012,80.12000000000408,1.0
8013,80.13000000000409,1.0
8014,80.1400000000041,1.0
8015,80.1500000000041,1.0
8016,80.1600000000041,1.0
8017,80.17000000000411,1.0
8018,80.18000000000411,1.0
8019,80.19000000000412,1.0
8020,80.20000000000412,1.0
8021,80.21000000000413,1.0
8022,80.22000000000413,1.0
8023,80.23000000000414,1.0
8024,80.24000000000414,1.0
8025,80.25000000000415,1.0
8026,80.26000000000415,1.0
8027,80.27000000000416,1.0
8028,80.28000000000416,1.0
8029,80.29000000000417,1.0
8030,80.30000000000418,1.0
8031,80.31000000000418,1.0
8032,80.32000000000419,1.0
8033,80.33000000000419,1.0
8034,80.3400000000042,1.0
8035,80.3500000000042,1.0
8036,80.3600000000042,1.0
8037,80.37000000000421,1.0
8038,80.38000000000422,1.0
8039,80.39000000000422,1.0
8040,80.40000000000423,1.0
8041,80.41000000000423,1.0
8042,80.42000000000424,1.0
8043,80.43000000000424,1.0
8044,80.44000000000425,1.0
8045,80.45000000000425,1.0
8046,80.46000000000426,1.0
8047,80.47000000000426,1.0
8048,80.48000000000427,1.0
8049,80.49000000000427,1.0
8050,80.50000000000428,1.0
8051,80.51000000000428,1.0
8052,80.52000000000429,1.0
8053,80.53000000000429,1.0
8054,80.5400000000043,1.0
8055,80.5500000000043,1.0
8056,80.56000000000431,1.0
8057,80.57000000000431,1.0
8058,80.58000000000432,1.0
8059,80.59000000000432,1.0
8060,80.60000000000433,1.0
8061,80.61000000000433,1.0
8062,80.62000000000434,1.0
8063,80.63000000000434,1.0
8064,80.64000000000435,1.0
8065,80.65000000000435,1.0
8066,80.66000000000436,1.0
8067,80.67000000000436,1.0
8068,80.68000000000437,1.0
8069,80.69000000000437,1.0
8070,80.70000000000438,1.0
8071,80.71000000000438,1.0
8072,80.72000000000439,1.0
8073,80.7300000000044,1.0
8074,80.7400000000044,1.0
8075,80.7500000000044,1.0
8076,80.76000000000441,1.0
8077,80.77000000000442,1.0
8078,80.78000000000442,1.0
8079,80.79000000000443,1.0
8080,80.80000000000443,1.0
8081,80.81000000000444,1.0
8082,80.82000000000444,1.0
8083,80.83000000000445,1.0
8084,80.84000000000445,1.0
8085,80.85000000000446,1.0
8086,80.86000000000446,1.0
8087,80.87000000000447,1.0
8088,80.88000000000447,1.0
8089,80.89000000000448,1.0
8090,80.90000000000448,1.0
8091,80.91000000000449,1.0
8092,80.92000000000449,1.0
8093,80.9300000000045,1.0
8094,80.9400000000045,1.0
8095,80.95000000000451,1.0
8096,80.96000000000451,1.0
8097,80.97000000000452,1.0
8098,80.98000000000452,1.0
8099,80.99000000000453,1.0
8100,81.00000000000453,1.0
8101,81.01000000000454,1.0
8102,81.02000000000454,1.0
8103,81.03000000000455,1.0
8104,81.04000000000455,1.0
8105,81.05000000000456,1.0
8106,81.06000000000456,1.0
8107,81.07000000000457,1.0
8108,81.08000000000457,1.0
8109,81.09000000000458,1.0
8110,81.10000000000458,1.0
8111,81.11000000000459,1.0
8112,81.1200000000046,1.0
8113,81.1300000000046,1.0
8114,81.1400000000046,1.0
8115,81.15000000000461,1.0
8116,81.16000000000462,1.0
8117,81.17000000000462,1.0
8118,81.18000000000463,1.0
8119,81.19000000000463,1.0
8120,81.20000000000464,1.0
8121,81.21000000000464,1.0
8122,81.22000000000465,1.0
8123,81.23000000000465,1.0
8124,81.24000000000466,1.0
8125,81.25000000000466,1.0
8126,81.26000000000467,1.0
8127,81.27000000000467,1.0
8128,81.28000000000468,1.0
8129,81.29000000000468,1.0
8130,81.30000000000469,1.0
8131,81.31000000000469,1.0
8132,81.3200000000047,1.0
8133,81.3300000000047,1.0
8134,81.34000000000471,1.0
8135,81.35000000000471,1.0
8136,81.36000000000472,1.0
8137,81.37000000000472,1.0
8138,81.38000000000473,1.0
8139,81.39000000000473,1.0
8140,81.40000000000474,1.0
8141,81.41000000000474,1.0
8142,81.42000000000475,1.0
8143,81.43000000000475,1.0
8144,81.44000000000476,1.0
8145,81.45000000000476,1.0
8146,81.46000000000477,1.0
8147,81.47000000000477,1.0
8148,81.48000000000478,1.0
8149,81.49000000000478,1.0
8150,81.50000000000479,1.0
8151,81.5100000000048,1.0
8152,81.5200000000048,1.0
8153,81.5300000000048,1.0
8154,81.54000000000481,1.0
8155,81.55000000000481,1.0
8156,81.56000000000482,1.0
8157,81.57000000000482,1.0
8158,81.58000000000483,1.0
8159,81.59000000000484,1.0
8160,81.60000000000484,1.0
8161,81.61000000000485,1.0
8162,81.62000000000485,1.0
8163,81.63000000000486,1.0
8164,81.64000000000486,1.0
8165,81.65000000000487,1.0
8166,81.66000000000487,1.0
8167,81.67000000000488,1.0
8168,81.68000000000488,1.0
8169,81.69000000000489,1.0
8170,81.70000000000489,1.0
8171,81.7100000000049,1.0
8172,81.7200000000049,1.0
8173,81.7300000000049,1.0
8174,81.74000000000491,1.0
8175,81.75000000000492,1.0
8176,81.76000000000492,1.0
8177,81.77000000000493,1.0
8178,81.78000000000493,1.0
8179,81.79000000000494,1.0
8180,81.80000000000494,1.0
8181,81.81000000000495,1.0
8182,81.82000000000495,1.0
8183,81.83000000000496,1.0
8184,81.84000000000496,1.0
8185,81.85000000000497,1.0
8186,81.86000000000497,1.0
8187,81.87000000000498,1.0
8188,81.88000000000498,1.0
8189,81.89000000000499,1.0
8190,81.900000000005,1.0
8191,81.910000000005,1.0
8192,81.920000000005,1.0
8193,81.93000000000501,1.0
8194,81.94000000000501,1.0
8195,81.95000000000502,1.0
8196,81.96000000000502,1.0
8197,81.97000000000503,1.0
8198,81.98000000000503,1.0
8199,81.99000000000504,1.0
8200,82.00000000000504,1.0
8201,82.01000000000505,1.0
8202,82.02000000000506,1.0
8203,82.03000000000506,1.0
8204,82.04000000000507,1.0
8205,82.05000000000507,1.0
8206,82.06000000000508,1.0
8207,82.07000000000508,1.0
8208,82.08000000000509,1.0
8209,82.09000000000509,1.0
8210,82.1000000000051,1.0
8211,82.1100000000051,1.0
8212,82.1200000000051,1.0
8213,82.13000000000511,1.0
8214,82.14000000000512,1.0
8215,82.15000000000512,1.0
8216,82.16000000000513,1.0
8217,82.17000000000513,1.0
8218,82.18000000000514,1.0
8219,82.19000000000514,1.0
8220,82.20000000000515,1.0
8221,82.21000000000515,1.0
8222,82.22000000000516,1.0
8223,82.23000000000516,1.0
8224,82.24000000000517,1.0
8225,82.25000000000517,1.0
8226,82.26000000000518,1.0
8227,82.27000000000518,1.0
8228,82.28000000000519,1.0
8229,82.2900000000052,1.0
8230,82.3000000000052,1.0
8231,82.3100000000052,1.0
8232,82.32000000000521,1.0
8233,82.33000000000521,1.0
8234,82.34000000000522,1.0
8235,82.35000000000522,1.0
8236,82.36000000000523,1.0
8237,82.37000000000523,1.0
8238,82.38000000000524,1.0
8239,82.39000000000524,1.0
8240,82.40000000000525,1.0
8241,82.41000000000525,1.0
8242,82.42000000000526,1.0
8243,82.43000000000526,1.0
8244,82.44000000000527,1.0
8245,82.45000000000528,1.0
8246,82.46000000000528,1.0
8247,82.47000000000529,1.0
8248,82.48000000000529,1.0
8249,82.4900000000053,1.0
8250,82.5000000000053,1.0
8251,82.5100000000053,1.0
8252,82.52000000000531,1.0
8253,82.53000000000532,1.0
8254,82.54000000000532,1.0
8255,82.55000000000533,1.0
8256,82.56000000000533,1.0
8257,82.57000000000534,1.0
8258,82.58000000000534,1.0
8259,82.59000000000535,1.0
8260,82.60000000000535,1.0
8261,82.61000000000536,1.0
8262,82.62000000000536,1.0
8263,82.63000000000537,1.0
8264,82.64000000000537,1.0
8265,82.65000000000538,1.0
8266,82.66000000000538,1.0
8267,82.67000000000539,1.0
8268,82.68000000000539,1.0
8269,82.6900000000054,1.0
8270,82.7000000000054,1.0
8271,82.71000000000541,1.0
8272,82.72000000000541,1.0
8273,82.73000000000542,1.0
8274,82.74000000000542,1.0
8275,82.75000000000543,1.0
8276,82.76000000000543,1.0
8277,82.77000000000544,1.0
8278,82.78000000000544,1.0
8279,82.79000000000545,1.0
8280,82.80000000000545,1.0
8281,82.81000000000546,1.0
8282,82.82000000000546,1.0
8283,82.83000000000547,1.0
8284,82.84000000000547,1.0
8285,82.85000000000548,1.0
8286,82.86000000000548,1.0
8287,82.87000000000549,1.0
8288,82.8800000000055,1.0
8289,82.8900000000055,1.0
8290,82.9000000000055,1.0
8291,82.91000000000551,1.0
8292,82.92000000000552,1.0
8293,82.93000000000552,1.0
8294,82.94000000000553,1.0
8295,82.95000000000553,1.0
8296,82.96000000000554,1.0
8297,82.97000000000554,1.0
8298,82.98000000000555,1.0
8299,82.99000000000555,1.0
8300,83.00000000000556,1.0
8301,83.01000000000556,1.0
8302,83.02000000000557,1.0
8303,83.03000000000557,1.0
8304,83.04000000000558,1.0
8305,83.05000000000558,1.0
8306,83.06000000000559,1.0
8307,83.07000000000559,1.0
8308,83.0800000000056,1.0
8309,83.0900000000056,1.0
8310,83.10000000000561,1.0
8311,83.11000000000561,1.0
8312,83.12000000000562,1.0
8313,83.13000000000562,1.0
8314,83.14000000000563,1.0
8315,83.15000000000563,1.0
8316,83.16000000000564,1.0
8317,83.17000000000564,1.0
8318,83.18000000000565,1.0
8319,83.19000000000565,1.0
8320,83.20000000000566,1.0
8321,83.21000000000566,1.0
8322,83.22000000000567,1.0
8323,83.23000000000567,1.0
8324,83.24000000000568,1.0
8325,83.25000000000568,1.0
8326,83.26000000000569,1.0
8327,83.2700000000057,1.0
8328,83.2800000000057,1.0
8329,83.2900000000057,1.0
8330,83.30000000000571,1.0
8331,83.31000000000572,1.0
8332,83.32000000000572,1.0
8333,83.33000000000573,1.0
8334,83.34000000000573,1.0
8335,83.35000000000574,1.0
8336,83.36000000000574,1.0
8337,83.37000000000575,1.0
8338,83.38000000000575,1.0
8339,83.39000000000576,1.0
8340,83.40000000000576,1.0
8341,83.41000000000577,1.0
8342,83.42000000000577,1.0
8343,83.43000000000578,1.0
8344,83.44000000000578,1.0
8345,83.45000000000579,1.0
8346,83.46000000000579,1.0
8347,83.4700000000058,1.0
8348,83.4800000000058,1.0
8349,83.49000000000581,1.0
8350,83.50000000000581,1.0
8351,83.51000000000582,1.0
8352,83.52000000000582,1.0
8353,83.53000000000583,1.0
8354,83.54000000000583,1.0
8355,83.55000000000584,1.0
8356,83.56000000000584,1.0
8357,83.57000000000585,1.0
8358,83.58000000000585,1.0
8359,83.59000000000586,1.0
8360,83.60000000000586,1.0
8361,83.61000000000587,1.0
8362,83.62000000000587,1.0
8363,83.63000000000588,1.0
8364,83.64000000000588,1.0
8365,83.65000000000589,1.0
8366,83.6600000000059,1.0
8367,83.6700000000059,1.0
8368,83.6800000000059,1.0
8369,83.69000000000591,1.0
8370,83.70000000000591,1.0
8371,83.71000000000592,1.0
8372,83.72000000000592,1.0
8373,83.73000000000593,1.0
8374,83.74000000000594,1.0
8375,83.75000000000594,1.0
8376,83.76000000000595,1.0
8377,83.77000000000595,1.0
8378,83.78000000000596,1.0
8379,83.79000000000596,1.0
8380,83.80000000000597,1.0
8381,83.81000000000597,1.0
8382,83.82000000000598,1.0
8383,83.83000000000598,1.0
8384,83.84000000000599,1.0
8385,83.85000000000599,1.0
8386,83.860000000006,1.0
8387,83.870000000006,1.0
8388,83.880000000006,1.0
8389,83.89000000000601,1.0
8390,83.90000000000602,1.0
8391,83.91000000000602,1.0
8392,83.92000000000603,1.0
8393,83.93000000000603,1.0
8394,83.94000000000604,1.0
8395,83.95000000000604,1.0
8396,83.96000000000605,1.0
8397,83.97000000000605,1.0
8398,83.98000000000606,1.0
8399,83.99000000000606,1.0
8400,84.00000000000607,1.0
8401,84.01000000000607,1.0
8402,84.02000000000608,1.0
8403,84.03000000000608,1.0
8404,84.04000000000609,1.0
8405,84.0500000000061,1.0
8406,84.0600000000061,1.0
8407,84.0700000000061,1.0
8408,84.08000000000611,1.0
8409,84.09000000000611,1.0
8410,84.10000000000612,1.0
8411,84.11000000000612,1.0
8412,84.12000000000613,1.0
8413,84.13000000000613,1.0
8414,84.14000000000614,1.0
8415,84.15000000000614,1.0
8416,84.16000000000615,1.0
8417,84.17000000000616,1.0
8418,84.18000000000616,1.0
8419,84.19000000000617,1.0
8420,84.20000000000617,1.0
8421,84.21000000000618,1.0
8422,84.22000000000618,1.0
8423,84.23000000000619,1.0
8424,84.24000000000619,1.0
8425,84.2500000000062,1.0
8426,84.2600000000062,1.0
8427,84.2700000000062,1.0
8428,84.28000000000621,1.0
8429,84.29000000000622,1.0
8430,84.30000000000622,1.0
8431,84.31000000000623,1.0
8432,84.32000000000623,1.0
8433,84.33000000000624,1.0
8434,84.34000000000624,1.0
8435,84.35000000000625,1.0
8436,84.36000000000625,1.0
8437,84.37000000000626,1.0
8438,84.38000000000626,1.0
8439,84.39000000000627,1.0
8440,84.40000000000627,1.0
8441,84.41000000000628,1.0
8442,84.42000000000628,1.0
8443,84.43000000000629,1.0
8444,84.4400000000063,1.0
8445,84.4500000000063,1.0
8446,84.4600000000063,1.0
8447,84.47000000000631,1.0
8448,84.48000000000631,1.0
8449,84.49000000000632,1.0
8450,84.50000000000632,1.0
8451,84.51000000000633,1.0
8452,84.52000000000633,1.0
8453,84.53000000000634,1.0
8454,84.54000000000634,1.0
8455,84.55000000000635,1.0
8456,84.56000000000635,1.0
8457,84.57000000000636,1.0
8458,84.58000000000636,1.0
8459,84.59000000000637,1.0
8460,84.60000000000637,1.0
8461,84.61000000000638,1.0
8462,84.62000000000639,1.0
8463,84.63000000000639,1.0
8464,84.6400000000064,1.0
8465,84.6500000000064,1.0
8466,84.6600000000064,1.0
8467,84.67000000000641,1.0
8468,84.68000000000642,1.0
8469,84.69000000000642,1.0
8470,84.70000000000643,1.0
8471,84.71000000000643,1.0
8472,84.72000000000644,1.0
8473,84.73000000000644,1.0
8474,84.74000000000645,1.0
8475,84.75000000000645,1.0
8476,84.76000000000646,1.0
8477,84.77000000000646,1.0
8478,84.78000000000647,1.0
8479,84.79000000000647,1.0
8480,84.80000000000648,1.0
8481,84.81000000000648,1.0
8482,84.82000000000649,1.0
8483,84.83000000000649,1.0
8484,84.8400000000065,1.0
8485,84.8500000000065,1.0
8486,84.86000000000651,1.0
8487,84.87000000000651,1.0
8488,84.88000000000652,1.0
8489,84.89000000000652,1.0
8490,84.90000000000653,1.0
8491,84.91000000000653,1.0
8492,84.92000000000654,1.0
8493,84.93000000000654,1.0
8494,84.94000000000655,1.0
8495,84.95000000000655,1.0
8496,84.96000000000656,1.0
8497,84.97000000000656,1.0
8498,84.98000000000657,1.0
8499,84.99000000000657,1.0
8500,85.00000000000658,1.0
8501,85.01000000000658,1.0
8502,85.02000000000659,1.0
8503,85.0300000000066,1.0
8504,85.0400000000066,1.0
8505,85.0500000000066,1.0
8506,85.06000000000661,1.0
8507,85.07000000000662,1.0
8508,85.08000000000662,1.0
8509,85.09000000000663,1.0
8510,85.10000000000663,1.0
8511,85.11000000000664,1.0
8512,85.12000000000664,1.0
8513,85.13000000000665,1.0
8514,85.14000000000665,1.0
8515,85.15000000000666,1.0
8516,85.16000000000666,1.0
8517,85.17000000000667,1.0
8518,85.18000000000667,1.0
8519,85.19000000000668,1.0
8520,85.20000000000668,1.0
8521,85.21000000000669,1.0
8522,85.22000000000669,1.0
8523,85.2300000000067,1.0
8524,85.2400000000067,1.0
8525,85.25000000000671,1.0
8526,85.26000000000671,1.0
8527,85.27000000000672,1.0
8528,85.28000000000672,1.0
8529,85.29000000000673,1.0
8530,85.30000000000673,1.0
8531,85.31000000000674,1.0
8532,85.32000000000674,1.0
8533,85.33000000000675,1.0
8534,85.34000000000675,1.0
8535,85.35000000000676,1.0
8536,85.36000000000676,1.0
8537,85.37000000000677,1.0
8538,85.38000000000677,1.0
8539,85.39000000000678,1.0
8540,85.40000000000678,1.0
8541,85.41000000000679,1.0
8542,85.4200000000068,1.0
8543,85.4300000000068,1.0
8544,85.4400000000068,1.0
8545,85.45000000000681,1.0
8546,85.46000000000681,1.0
8547,85.47000000000682,1.0
8548,85.48000000000683,1.0
8549,85.49000000000683,1.0
8550,85.50000000000684,1.0
8551,85.51000000000684,1.0
8552,85.52000000000685,1.0
8553,85.53000000000685,1.0
8554,85.54000000000686,1.0
8555,85.55000000000686,1.0
8556,85.56000000000687,1.0
8557,85.57000000000687,1.0
8558,85.58000000000688,1.0
8559,85.59000000000688,1.0
8560,85.60000000000689,1.0
8561,85.61000000000689,1.0
8562,85.6200000000069,1.0
8563,85.6300000000069,1.0
8564,85.6400000000069,1.0
8565,85.65000000000691,1.0
8566,85.66000000000692,1.0
8567,85.67000000000692,1.0
8568,85.68000000000693,1.0
8569,85.69000000000693,1.0
8570,85.70000000000694,1.0
8571,85.71000000000694,1.0
8572,85.72000000000695,1.0
8573,85.73000000000695,1.0
8574,85.74000000000696,1.0
8575,85.75000000000696,1.0
8576,85.76000000000697,1.0
8577,85.77000000000697,1.0
8578,85.78000000000698,1.0
8579,85.79000000000698,1.0
8580,85.80000000000699,1.0
8581,85.810000000007,1.0
8582,85.820000000007,1.0
8583,85.830000000007,1.0
8584,85.84000000000701,1.0
8585,85.85000000000701,1.0
8586,85.86000000000702,1.0
8587,85.87000000000702,1.0
8588,85.88000000000703,1.0
8589,85.89000000000703,1.0
8590,85.90000000000704,1.0
8591,85.91000000000705,1.0
8592,85.92000000000705,1.0
8593,85.93000000000706,1.0
8594,85.94000000000706,1.0
8595,85.95000000000707,1.0
8596,85.96000000000707,1.0
8597,85.97000000000708,1.0
8598,85.98000000000708,1.0
8599,85.99000000000709,1.0
8600,86.00000000000709,1.0
8601,86.0100000000071,1.0
8602,86.0200000000071,1.0
8603,86.0300000000071,1.0
8604,86.04000000000711,1.0
8605,86.05000000000712,1.0
8606,86.06000000000712,1.0
8607,86.07000000000713,1.0
8608,86.08000000000713,1.0
8609,86.09000000000714,1.0
8610,86.10000000000714,1.0
8611,86.11000000000715,1.0
8612,86.12000000000715,1.0
8613,86.13000000000716,1.0
8614,86.14000000000716,1.0
8615,86.15000000000717,1.0
8616,86.16000000000717,1.0
8617,86.17000000000718,1.0
8618,86.18000000000718,1.0
8619,86.19000000000719,1.0
8620,86.2000000000072,1.0
8621,86.2100000000072,1.0
8622,86.2200000000072,1.0
8623,86.23000000000721,1.0
8624,86.24000000000721,1.0
8625,86.25000000000722,1.0
8626,86.26000000000722,1.0
8627,86.27000000000723,1.0
8628,86.28000000000723,1.0
8629,86.29000000000724,1.0
8630,86.30000000000724,1.0
8631,86.31000000000725,1.0
8632,86.32000000000725,1.0
8633,86.33000000000726,1.0
8634,86.34000000000727,1.0
8635,86.35000000000727,1.0
8636,86.36000000000728,1.0
8637,86.37000000000728,1.0
8638,86.38000000000729,1.0
8639,86.39000000000729,1.0
8640,86.4000000000073,1.0
8641,86.4100000000073,1.0
8642,86.4200000000073,1.0
8643,86.43000000000731,1.0
8644,86.44000000000732,1.0
8645,86.45000000000732,1.0
8646,86.46000000000733,1.0
8647,86.47000000000733,1.0
8648,86.48000000000734,1.0
8649,86.49000000000734,1.0
8650,86.50000000000735,1.0
8651,86.51000000000735,1.0
8652,86.52000000000736,1.0
8653,86.53000000000736,1.0
8654,86.54000000000737,1.0
8655,86.55000000000737,1.0
8656,86.56000000000738,1.0
8657,86.57000000000738,1.0
8658,86.58000000000739,1.0
8659,86.5900000000074,1.0
8660,86.6000000000074,1.0
8661,86.6100000000074,1.0
8662,86.62000000000741,1.0
8663,86.63000000000741,1.0
8664,86.64000000000742,1.0
8665,86.65000000000742,1.0
8666,86.66000000000743,1.0
8667,86.67000000000743,1.0
8668,86.68000000000744,1.0
8669,86.69000000000744,1.0
8670,86.70000000000745,1.0
8671,86.71000000000745,1.0
8672,86.72000000000746,1.0
8673,86.73000000000746,1.0
8674,86.74000000000747,1.0
8675,86.75000000000747,1.0
8676,86.76000000000748,1.0
8677,86.77000000000749,1.0
8678,86.78000000000749,1.0
8679,86.7900000000075,1.0
8680,86.8000000000075,1.0
8681,86.8100000000075,1.0
8682,86.82000000000751,1.0
8683,86.83000000000752,1.0
8684,86.84000000000752,1.0
8685,86.85000000000753,1.0
8686,86.86000000000753,1.0
8687,86.87000000000754,1.0
8688,86.88000000000754,1.0
8689,86.89000000000755,1.0
8690,86.90000000000755,1.0
8691,86.91000000000756,1.0
8692,86.92000000000756,1.0
8693,86.93000000000757,1.0
8694,86.94000000000757,1.0
8695,86.95000000000758,1.0
8696,86.96000000000758,1.0
8697,86.97000000000759,1.0
8698,86.98000000000759,1.0
8699,86.9900000000076,1.0
8700,87.0000000000076,1.0
8701,87.01000000000761,1.0
8702,87.02000000000761,1.0
8703,87.03000000000762,1.0
8704,87.04000000000762,1.0
8705,87.05000000000763,1.0
8706,87.06000000000763,1.0
8707,87.07000000000764,1.0
8708,87.08000000000764,1.0
8709,87.09000000000765,1.0
8710,87.10000000000765,1.0
8711,87.11000000000766,1.0
8712,87.12000000000766,1.0
8713,87.13000000000767,1.0
8714,87.14000000000767,1.0
8715,87.15000000000768,1.0
8716,87.16000000000768,1.0
8717,87.17000000000769,1.0
8718,87.1800000000077,1.0
8719,87.1900000000077,1.0
8720,87.2000000000077,1.0
8721,87.21000000000771,1.0
8722,87.22000000000772,1.0
8723,87.23000000000772,1.0
8724,87.24000000000773,1.0
8725,87.25000000000773,1.0
8726,87.26000000000774,1.0
8727,87.27000000000774,1.0
8728,87.28000000000775,1.0
8729,87.29000000000775,1.0
8730,87.30000000000776,1.0
8731,87.31000000000776,1.0
8732,87.32000000000777,1.0
8733,87.33000000000777,1.0
8734,87.34000000000778,1.0
8735,87.35000000000778,1.0
8736,87.36000000000779,1.0
8737,87.37000000000779,1.0
8738,87.3800000000078,1.0
8739,87.3900000000078,1.0
8740,87.40000000000781,1.0
8741,87.41000000000781,1.0
8742,87.42000000000782,1.0
8743,87.43000000000782,1.0
8744,87.44000000000783,1.0
8745,87.45000000000783,1.0
8746,87.46000000000784,1.0
8747,87.47000000000784,1.0
8748,87.48000000000785,1.0
8749,87.49000000000785,1.0
8750,87.50000000000786,1.0
8751,87.51000000000786,1.0
8752,87.52000000000787,1.0
8753,87.53000000000787,1.0
8754,87.54000000000788,1.0
8755,87.55000000000788,1.0
8756,87.56000000000789,1.0
8757,87.5700000000079,1.0
8758,87.5800000000079,1.0
8759,87.5900000000079,1.0
8760,87.60000000000791,1.0
8761,87.61000000000791,1.0
8762,87.62000000000792,1.0
8763,87.63000000000793,1.0
8764,87.64000000000793,1.0
8765,87.65000000000794,1.0
8766,87.66000000000794,1.0
8767,87.67000000000795,1.0
8768,87.68000000000795,1.0
8769,87.69000000000796,1.0
8770,87.70000000000796,1.0
8771,87.71000000000797,1.0
8772,87.72000000000797,1.0
8773,87.73000000000798,1.0
8774,87.74000000000798,1.0
8775,87.75000000000799,1.0
8776,87.76000000000799,1.0
8777,87.770000000008,1.0
8778,87.780000000008,1.0
8779,87.790000000008,1.0
8780,87.80000000000801,1.0
8781,87.81000000000802,1.0
8782,87.82000000000802,1.0
8783,87.83000000000803,1.0
8784,87.84000000000803,1.0
8785,87.85000000000804,1.0
8786,87.86000000000804,1.0
8787,87.87000000000805,1.0
8788,87.88000000000805,1.0
8789,87.89000000000806,1.0
8790,87.90000000000806,1.0
8791,87.91000000000807,1.0
8792,87.92000000000807,1.0
8793,87.93000000000808,1.0
8794,87.94000000000808,1.0
8795,87.95000000000809,1.0
8796,87.9600000000081,1.0
8797,87.9700000000081,1.0
8798,87.9800000000081,1.0
8799,87.99000000000811,1.0
8800,88.00000000000811,1.0
8801,88.01000000000812,1.0
8802,88.02000000000812,1.0
8803,88.03000000000813,1.0
8804,88.04000000000813,1.0
8805,88.05000000000814,1.0
8806,88.06000000000815,1.0
8807,88.07000000000815,1.0
8808,88.08000000000816,1.0
8809,88.09000000000816,1.0
8810,88.10000000000817,1.0
8811,88.11000000000817,1.0
8812,88.12000000000818,1.0
8813,88.13000000000818,1.0
8814,88.14000000000819,1.0
8815,88.15000000000819,1.0
8816,88.1600000000082,1.0
8817,88.1700000000082,1.0
8818,88.1800000000082,1.0
8819,88.19000000000821,1.0
8820,88.20000000000822,1.0
8821,88.21000000000822,1.0
8822,88.22000000000823,1.0
8823,88.23000000000823,1.0
8824,88.24000000000824,1.0
8825,88.25000000000824,1.0
8826,88.26000000000825,1.0
8827,88.27000000000825,1.0
8828,88.28000000000826,1.0
8829,88.29000000000826,1.0
8830,88.30000000000827,1.0
8831,88.31000000000827,1.0
8832,88.32000000000828,1.0
8833,88.33000000000828,1.0
8834,88.34000000000829,1.0
8835,88.3500000000083,1.0
8836,88.3600000000083,1.0
8837,88.3700000000083,1.0
8838,88.38000000000831,1.0
8839,88.39000000000831,1.0
8840,88.40000000000832,1.0
8841,88.41000000000832,1.0
8842,88.42000000000833,1.0
8843,88.43000000000833,1.0
8844,88.44000000000834,1.0
8845,88.45000000000834,1.0
8846,88.46000000000835,1.0
8847,88.47000000000835,1.0
8848,88.48000000000836,1.0
8849,88.49000000000837,1.0
8850,88.50000000000837,1.0
8851,88.51000000000838,1.0
8852,88.52000000000838,1.0
8853,88.53000000000839,1.0
8854,88.54000000000839,1.0
8855,88.5500000000084,1.0
8856,88.5600000000084,1.0
8857,88.5700000000084,1.0
8858,88.58000000000841,1.0
8859,88.59000000000842,1.0
8860,88.60000000000842,1.0
8861,88.61000000000843,1.0
8862,88.62000000000843,1.0
8863,88.63000000000844,1.0
8864,88.64000000000844,1.0
8865,88.65000000000845,1.0
8866,88.66000000000845,1.0
8867,88.67000000000846,1.0
8868,88.68000000000846,1.0
8869,88.69000000000847,1.0
8870,88.70000000000847,1.0
8871,88.71000000000848,1.0
8872,88.72000000000848,1.0
8873,88.73000000000849,1.0
8874,88.7400000000085,1.0
8875,88.7500000000085,1.0
8876,88.7600000000085,1.0
8877,88.77000000000851,1.0
8878,88.78000000000851,1.0
8879,88.79000000000852,1.0
8880,88.80000000000852,1.0
8881,88.81000000000853,1.0
8882,88.82000000000853,1.0
8883,88.83000000000854,1.0
8884,88.84000000000854,1.0
8885,88.85000000000855,1.0
8886,88.86000000000855,1.0
8887,88.87000000000856,1.0
8888,88.88000000000856,1.0
8889,88.89000000000857,1.0
8890,88.90000000000857,1.0
8891,88.91000000000858,1.0
8892,88.92000000000859,1.0
8893,88.93000000000859,1.0
8894,88.9400000000086,1.0
8895,88.9500000000086,1.0
8896,88.9600000000086,1.0
8897,88.97000000000861,1.0
8898,88.98000000000862,1.0
8899,88.99000000000862,1.0
8900,89.00000000000863,1.0
8901,89.01000000000863,1.0
8902,89.02000000000864,1.0
8903,89.03000000000864,1.0
8904,89.04000000000865,1.0
8905,89.05000000000865,1.0
8906,89.06000000000866,1.0
8907,89.07000000000866,1.0
8908,89.08000000000867,1.0
8909,89.09000000000867,1.0
8910,89.10000000000868,1.0
8911,89.11000000000868,1.0
8912,89.12000000000869,1.0
8913,89.13000000000869,1.0
8914,89.1400000000087,1.0
8915,89.1500000000087,1.0
8916,89.16000000000871,1.0
8917,89.17000000000871,1.0
8918,89.18000000000872,1.0
8919,89.19000000000872,1.0
8920,89.20000000000873,1.0
8921,89.21000000000873,1.0
8922,89.22000000000874,1.0
8923,89.23000000000874,1.0
8924,89.24000000000875,1.0
8925,89.25000000000875,1.0
8926,89.26000000000876,1.0
8927,89.27000000000876,1.0
8928,89.28000000000877,1.0
8929,89.29000000000877,1.0
8930,89.30000000000878,1.0
8931,89.31000000000878,1.0
8932,89.32000000000879,1.0
8933,89.3300000000088,1.0
8934,89.3400000000088,1.0
8935,89.3500000000088,1.0
8936,89.36000000000881,1.0
8937,89.37000000000882,1.0
8938,89.38000000000882,1.0
8939,89.39000000000883,1.0
8940,89.40000000000883,1.0
8941,89.41000000000884,1.0
8942,89.42000000000884,1.0
8943,89.43000000000885,1.0
8944,89.44000000000885,1.0
8945,89.45000000000886,1.0
8946,89.46000000000886,1.0
8947,89.47000000000887,1.0
8948,89.48000000000887,1.0
8949,89.49000000000888,1.0
8950,89.50000000000888,1.0
8951,89.51000000000889,1.0
8952,89.52000000000889,1.0
8953,89.5300000000089,1.0
8954,89.5400000000089,1.0
8955,89.55000000000891,1.0
8956,89.56000000000891,1.0
8957,89.57000000000892,1.0
8958,89.58000000000892,1.0
8959,89.59000000000893,1.0
8960,89.60000000000893,1.0
8961,89.61000000000894,1.0
8962,89.62000000000894,1.0
8963,89.63000000000895,1.0
8964,89.64000000000895,1.0
8965,89.65000000000896,1.0
8966,89.66000000000896,1.0
8967,89.67000000000897,1.0
8968,89.68000000000897,1.0
8969,89.69000000000898,1.0
8970,89.70000000000898,1.0
8971,89.71000000000899,1.0
8972,89.720000000009,1.0
8973,89.730000000009,1.0
8974,89.740000000009,1.0
8975,89.75000000000901,1.0
8976,89.76000000000901,1.0
8977,89.77000000000902,1.0
8978,89.78000000000903,1.0
8979,89.79000000000903,1.0
8980,89.80000000000904,1.0
8981,89.81000000000904,1.0
8982,89.82000000000905,1.0
8983,89.83000000000905,1.0
8984,89.84000000000906,1.0
8985,89.85000000000906,1.0
8986,89.86000000000907,1.0
8987,89.87000000000907,1.0
8988,89.88000000000908,1.0
8989,89.89000000000908,1.0
8990,89.90000000000909,1.0
8991,89.91000000000909,1.0
8992,89.9200000000091,1.0
8993,89.9300000000091,1.0
8994,89.9400000000091,1.0
8995,89.95000000000911,1.0
8996,89.96000000000912,1.0
8997,89.97000000000912,1.0
8998,89.98000000000913,1.0
8999,89.99000000000913,1.0
9000,90.00000000000914,1.0
9001,90.01000000000914,1.0
9002,90.02000000000915,1.0
9003,90.03000000000915,1.0
9004,90.04000000000916,1.0
9005,90.05000000000916,1.0
9006,90.06000000000917,1.0
9007,90.07000000000917,1.0
9008,90.08000000000918,1.0
9009,90.09000000000918,1.0
9010,90.10000000000919,1.0
9011,90.1100000000092,1.0
9012,90.1200000000092,1.0
9013,90.1300000000092,1.0
9014,90.14000000000921,1.0
9015,90.15000000000921,1.0
9016,90.16000000000922,1.0
9017,90.17000000000922,1.0
9018,90.18000000000923,1.0
9019,90.19000000000923,1.0
9020,90.20000000000924,1.0
9021,90.21000000000925,1.0
9022,90.22000000000925,1.0
9023,90.23000000000926,1.0
9024,90.24000000000926,1.0
9025,90.25000000000927,1.0
9026,90.26000000000927,1.0
9027,90.27000000000928,1.0
9028,90.28000000000928,1.0
9029,90.29000000000929,1.0
9030,90.30000000000929,1.0
9031,90.3100000000093,1.0
9032,90.3200000000093,1.0
9033,90.3300000000093,1.0
9034,90.34000000000931,1.0
9035,90.35000000000932,1.0
9036,90.36000000000932,1.0
9037,90.37000000000933,1.0
9038,90.38000000000933,1.0
9039,90.39000000000934,1.0
9040,90.40000000000934,1.0
9041,90.41000000000935,1.0
9042,90.42000000000935,1.0
9043,90.43000000000936,1.0
9044,90.44000000000936,1.0
9045,90.45000000000937,1.0
9046,90.46000000000937,1.0
9047,90.47000000000938,1.0
9048,90.48000000000938,1.0
9049,90.49000000000939,1.0
9050,90.5000000000094,1.0
9051,90.5100000000094,1.0
9052,90.5200000000094,1.0
9053,90.53000000000941,1.0
9054,90.54000000000941,1.0
9055,90.55000000000942,1.0
9056,90.56000000000942,1.0
9057,90.57000000000943,1.0
9058,90.58000000000943,1.0
9059,90.59000000000944,1.0
9060,90.60000000000944,1.0
9061,90.61000000000945,1.0
9062,90.62000000000945,1.0
9063,90.63000000000946,1.0
9064,90.64000000000946,1.0
9065,90.65000000000947,1.0
9066,90.66000000000948,1.0
9067,90.67000000000948,1.0
9068,90.68000000000949,1.0
9069,90.69000000000949,1.0
9070,90.7000000000095,1.0
9071,90.7100000000095,1.0
9072,90.7200000000095,1.0
9073,90.73000000000951,1.0
9074,90.74000000000952,1.0
9075,90.75000000000952,1.0
9076,90.76000000000953,1.0
9077,90.77000000000953,1.0
9078,90.78000000000954,1.0
9079,90.79000000000954,1.0
9080,90.80000000000955,1.0
9081,90.81000000000955,1.0
9082,90.82000000000956,1.0
9083,90.83000000000956,1.0
9084,90.84000000000957,1.0
9085,90.85000000000957,1.0
9086,90.86000000000958,1.0
9087,90.87000000000958,1.0
9088,90.88000000000959,1.0
9089,90.8900000000096,1.0
9090,90.9000000000096,1.0
9091,90.9100000000096,1.0
9092,90.92000000000961,1.0
9093,90.93000000000961,1.0
9094,90.94000000000962,1.0
9095,90.95000000000962,1.0
9096,90.96000000000963,1.0
9097,90.97000000000963,1.0
9098,90.98000000000964,1.0
9099,90.99000000000964,1.0
9100,91.00000000000965,1.0
9101,91.01000000000965,1.0
9102,91.02000000000966,1.0
9103,91.03000000000966,1.0
9104,91.04000000000967,1.0
9105,91.05000000000967,1.0
9106,91.06000000000968,1.0
9107,91.07000000000968,1.0
9108,91.08000000000969,1.0
9109,91.0900000000097,1.0
9110,91.1000000000097,1.0
9111,91.1100000000097,1.0
9112,91.12000000000971,1.0
9113,91.13000000000972,1.0
9114,91.14000000000972,1.0
9115,91.15000000000973,1.0
9116,91.16000000000973,1.0
9117,91.17000000000974,1.0
9118,91.18000000000974,1.0
9119,91.19000000000975,1.0
9120,91.20000000000975,1.0
9121,91.21000000000976,1.0
9122,91.22000000000976,1.0
9123,91.23000000000977,1.0
9124,91.24000000000977,1.0
9125,91.25000000000978,1.0
9126,91.26000000000978,1.0
9127,91.27000000000979,1.0
9128,91.28000000000979,1.0
9129,91.2900000000098,1.0
9130,91.3000000000098,1.0
9131,91.31000000000981,1.0
9132,91.32000000000981,1.0
9133,91.33000000000982,1.0
9134,91.34000000000982,1.0
9135,91.35000000000983,1.0
9136,91.36000000000983,1.0
9137,91.37000000000984,1.0
9138,91.38000000000984,1.0
9139,91.39000000000985,1.0
9140,91.40000000000985,1.0
9141,91.41000000000986,1.0
9142,91.42000000000986,1.0
9143,91.43000000000987,1.0
9144,91.44000000000987,1.0
9145,91.45000000000988,1.0
9146,91.46000000000988,1.0
9147,91.47000000000989,1.0
9148,91.4800000000099,1.0
9149,91.4900000000099,1.0
9150,91.5000000000099,1.0
9151,91.51000000000991,1.0
9152,91.52000000000992,1.0
9153,91.53000000000992,1.0
9154,91.54000000000993,1.0
9155,91.55000000000993,1.0
9156,91.56000000000994,1.0
9157,91.57000000000994,1.0
9158,91.58000000000995,1.0
9159,91.59000000000995,1.0
9160,91.60000000000996,1.0
9161,91.61000000000996,1.0
9162,91.62000000000997,1.0
9163,91.63000000000997,1.0
9164,91.64000000000998,1.0
9165,91.65000000000998,1.0
9166,91.66000000000999,1.0
9167,91.67000000000999,1.0
9168,91.68000000001,1.0
9169,91.69000000001,1.0
9170,91.70000000001001,1.0
9171,91.71000000001001,1.0
9172,91.72000000001002,1.0
9173,91.73000000001002,1.0
9174,91.74000000001003,1.0
9175,91.75000000001003,1.0
9176,91.76000000001004,1.0
9177,91.77000000001004,1.0
9178,91.78000000001005,1.0
9179,91.79000000001005,1.0
9180,91.80000000001006,1.0
9181,91.81000000001006,1.0
9182,91.82000000001007,1.0
9183,91.83000000001007,1.0
9184,91.84000000001008,1.0
9185,91.85000000001008,1.0
9186,91.86000000001009,1.0
9187,91.8700000000101,1.0
9188,91.8800000000101,1.0
9189,91.8900000000101,1.0
9190,91.90000000001011,1.0
9191,91.91000000001011,1.0
9192,91.92000000001012,1.0
9193,91.93000000001012,1.0
9194,91.94000000001013,1.0
9195,91.95000000001014,1.0
9196,91.96000000001014,1.0
9197,91.97000000001015,1.0
9198,91.98000000001015,1.0
9199,91.99000000001016,1.0
9200,92.00000000001016,1.0
9201,92.01000000001017,1.0
9202,92.02000000001017,1.0
9203,92.03000000001018,1.0
9204,92.04000000001018,1.0
9205,92.05000000001019,1.0
9206,92.06000000001019,1.0
9207,92.0700000000102,1.0
9208,92.0800000000102,1.0
9209,92.0900000000102,1.0
9210,92.10000000001021,1.0
9211,92.11000000001022,1.0
9212,92.12000000001022,1.0
9213,92.13000000001023,1.0
9214,92.14000000001023,1.0
9215,92.15000000001024,1.0
9216,92.16000000001024,1.0
9217,92.17000000001025,1.0
9218,92.18000000001025,1.0
9219,92.19000000001026,1.0
9220,92.20000000001026,1.0
9221,92.21000000001027,1.0
9222,92.22000000001027,1.0
9223,92.23000000001028,1.0
9224,92.24000000001028,1.0
9225,92.25000000001029,1.0
9226,92.2600000000103,1.0
9227,92.2700000000103,1.0
9228,92.2800000000103,1.0
9229,92.29000000001031,1.0
9230,92.30000000001031,1.0
9231,92.31000000001032,1.0
9232,92.32000000001032,1.0
9233,92.33000000001033,1.0
9234,92.34000000001033,1.0
9235,92.35000000001034,1.0
9236,92.36000000001034,1.0
9237,92.37000000001035,1.0
9238,92.38000000001036,1.0
9239,92.39000000001036,1.0
9240,92.40000000001037,1.0
9241,92.41000000001037,1.0
9242,92.42000000001038,1.0
9243,92.43000000001038,1.0
9244,92.44000000001039,1.0
9245,92.45000000001039,1.0
9246,92.4600000000104,1.0
9247,92.4700000000104,1.0
9248,92.4800000000104,1.0
9249,92.49000000001041,1.0
9250,92.50000000001042,1.0
9251,92.51000000001042,1.0
9252,92.52000000001043,1.0
9253,92.53000000001043,1.0
9254,92.54000000001044,1.0
9255,92.55000000001044,1.0
9256,92.56000000001045,1.0
9257,92.57000000001045,1.0
9258,92.58000000001046,1.0
9259,92.59000000001046,1.0
9260,92.60000000001047,1.0
9261,92.61000000001047,1.0
9262,92.62000000001048,1.0
9263,92.63000000001048,1.0
9264,92.64000000001049,1.0
9265,92.6500000000105,1.0
9266,92.6600000000105,1.0
9267,92.6700000000105,1.0
9268,92.68000000001051,1.0
9269,92.69000000001051,1.0
9270,92.70000000001052,1.0
9271,92.71000000001052,1.0
9272,92.72000000001053,1.0
9273,92.73000000001053,1.0
9274,92.74000000001054,1.0
9275,92.75000000001054,1.0
9276,92.76000000001055,1.0
9277,92.77000000001055,1.0
9278,92.78000000001056,1.0
9279,92.79000000001056,1.0
9280,92.80000000001057,1.0
9281,92.81000000001058,1.0
9282,92.82000000001058,1.0
9283,92.83000000001059,1.0
9284,92.84000000001059,1.0
9285,92.8500000000106,1.0
9286,92.8600000000106,1.0
9287,92.8700000000106,1.0
9288,92.88000000001061,1.0
9289,92.89000000001062,1.0
9290,92.90000000001062,1.0
9291,92.91000000001063,1.0
9292,92.92000000001063,1.0
9293,92.93000000001064,1.0
9294,92.94000000001064,1.0
9295,92.95000000001065,1.0
9296,92.96000000001065,1.0
9297,92.97000000001066,1.0
9298,92.98000000001066,1.0
9299,92.99000000001067,1.0
9300,93.00000000001067,1.0
9301,93.01000000001068,1.0
9302,93.02000000001068,1.0
9303,93.03000000001069,1.0
9304,93.04000000001069,1.0
9305,93.0500000000107,1.0
9306,93.0600000000107,1.0
9307,93.07000000001071,1.0
9308,93.08000000001071,1.0
9309,93.09000000001072,1.0
9310,93.10000000001072,1.0
9311,93.11000000001073,1.0
9312,93.12000000001073,1.0
9313,93.13000000001074,1.0
9314,93.14000000001074,1.0
9315,93.15000000001075,1.0
9316,93.16000000001075,1.0
9317,93.17000000001076,1.0
9318,93.18000000001076,1.0
9319,93.19000000001077,1.0
9320,93.20000000001077,1.0
9321,93.21000000001078,1.0
9322,93.22000000001078,1.0
9323,93.23000000001079,1.0
9324,93.2400000000108,1.0
9325,93.2500000000108,1.0
9326,93.2600000000108,1.0
9327,93.27000000001081,1.0
9328,93.28000000001082,1.0
9329,93.29000000001082,1.0
9330,93.30000000001083,1.0
9331,93.31000000001083,1.0
9332,93.32000000001084,1.0
9333,93.33000000001084,1.0
9334,93.34000000001085,1.0
9335,93.35000000001085,1.0
9336,93.36000000001086,1.0
9337,93.37000000001086,1.0
9338,93.38000000001087,1.0
9339,93.39000000001087,1.0
9340,93.40000000001088,1.0
9341,93.41000000001088,1.0
9342,93.42000000001089,1.0
9343,93.43000000001089,1.0
9344,93.4400000000109,1.0
9345,93.4500000000109,1.0
9346,93.46000000001091,1.0
9347,93.47000000001091,1.0
9348,93.48000000001092,1.0
9349,93.49000000001092,1.0
9350,93.50000000001093,1.0
9351,93.51000000001093,1.0
9352,93.52000000001094,1.0
9353,93.53000000001094,1.0
9354,93.54000000001095,1.0
9355,93.55000000001095,1.0
9356,93.56000000001096,1.0
9357,93.57000000001096,1.0
9358,93.58000000001097,1.0
9359,93.59000000001097,1.0
9360,93.60000000001098,1.0
9361,93.61000000001098,1.0
9362,93.62000000001099,1.0
9363,93.630000000011,1.0
9364,93.640000000011,1.0
9365,93.650000000011,1.0
9366,93.66000000001101,1.0
9367,93.67000000001102,1.0
9368,93.68000000001102,1.0
9369,93.69000000001103,1.0
9370,93.70000000001103,1.0
9371,93.71000000001104,1.0
9372,93.72000000001104,1.0
9373,93.73000000001105,1.0
9374,93.74000000001105,1.0
9375,93.75000000001106,1.0
9376,93.76000000001106,1.0
9377,93.77000000001107,1.0
9378,93.78000000001107,1.0
9379,93.79000000001108,1.0
9380,93.80000000001108,1.0
9381,93.81000000001109,1.0
9382,93.82000000001109,1.0
9383,93.8300000000111,1.0
9384,93.8400000000111,1.0
9385,93.85000000001111,1.0
9386,93.86000000001111,1.0
9387,93.87000000001112,1.0
9388,93.88000000001112,1.0
9389,93.89000000001113,1.0
9390,93.90000000001113,1.0
9391,93.91000000001114,1.0
9392,93.92000000001114,1.0
9393,93.93000000001115,1.0
9394,93.94000000001115,1.0
9395,93.95000000001116,1.0
9396,93.96000000001116,1.0
9397,93.97000000001117,1.0
9398,93.98000000001117,1.0
9399,93.99000000001118,1.0
9400,94.00000000001118,1.0
9401,94.01000000001119,1.0
9402,94.0200000000112,1.0
9403,94.0300000000112,1.0
9404,94.0400000000112,1.0
9405,94.05000000001121,1.0
9406,94.06000000001121,1.0
9407,94.07000000001122,1.0
9408,94.08000000001122,1.0
9409,94.09000000001123,1.0
9410,94.10000000001124,1.0
9411,94.11000000001124,1.0
9412,94.12000000001125,1.0
9413,94.13000000001125,1.0
9414,94.14000000001126,1.0
9415,94.15000000001126,1.0
9416,94.16000000001127,1.0
9417,94.17000000001127,1.0
9418,94.18000000001128,1.0
9419,94.19000000001128,1.0
9420,94.20000000001129,1.0
9421,94.21000000001129,1.0
9422,94.2200000000113,1.0
9423,94.2300000000113,1.0
9424,94.2400000000113,1.0
9425,94.25000000001131,1.0
9426,94.26000000001132,1.0
9427,94.27000000001132,1.0
9428,94.28000000001133,1.0
9429,94.29000000001133,1.0
9430,94.30000000001134,1.0
9431,94.31000000001134,1.0
9432,94.32000000001135,1.0
9433,94.33000000001135,1.0
9434,94.34000000001136,1.0
9435,94.35000000001136,1.0
9436,94.36000000001137,1.0
9437,94.37000000001137,1.0
9438,94.38000000001138,1.0
9439,94.39000000001138,1.0
9440,94.40000000001139,1.0
9441,94.4100000000114,1.0
9442,94.4200000000114,1.0
9443,94.4300000000114,1.0
9444,94.44000000001141,1.0
9445,94.45000000001141,1.0
9446,94.46000000001142,1.0
9447,94.47000000001142,1.0
9448,94.48000000001143,1.0
9449,94.49000000001143,1.0
9450,94.50000000001144,1.0
9451,94.51000000001144,1.0
9452,94.52000000001145,1.0
9453,94.53000000001146,1.0
9454,94.54000000001146,1.0
9455,94.55000000001147,1.0
9456,94.56000000001147,1.0
9457,94.57000000001148,1.0
9458,94.58000000001148,1.0
9459,94.59000000001149,1.0
9460,94.60000000001149,1.0
9461,94.6100000000115,1.0
9462,94.6200000000115,1.0
9463,94.6300000000115,1.0
9464,94.64000000001151,1.0
9465,94.65000000001152,1.0
9466,94.66000000001152,1.0
9467,94.67000000001153,1.0
9468,94.68000000001153,1.0
9469,94.69000000001154,1.0
9470,94.70000000001154,1.0
9471,94.71000000001155,1.0
9472,94.72000000001155,1.0
9473,94.73000000001156,1.0
9474,94.74000000001156,1.0
9475,94.75000000001157,1.0
9476,94.76000000001157,1.0
9477,94.77000000001158,1.0
9478,94.78000000001158,1.0
9479,94.79000000001159,1.0
9480,94.8000000000116,1.0
9481,94.8100000000116,1.0
9482,94.8200000000116,1.0
9483,94.83000000001161,1.0
9484,94.84000000001161,1.0
9485,94.85000000001162,1.0
9486,94.86000000001162,1.0
9487,94.87000000001163,1.0
9488,94.88000000001163,1.0
9489,94.89000000001164,1.0
9490,94.90000000001164,1.0
9491,94.91000000001165,1.0
9492,94.92000000001165,1.0
9493,94.93000000001166,1.0
9494,94.94000000001166,1.0
9495,94.95000000001167,1.0
9496,94.96000000001168,1.0
9497,94.97000000001168,1.0
9498,94.98000000001169,1.0
9499,94.99000000001169,1.0
9500,95.0000000000117,1.0
9501,95.0100000000117,1.0
9502,95.0200000000117,1.0
9503,95.03000000001171,1.0
9504,95.04000000001172,1.0
9505,95.05000000001172,1.0
9506,95.06000000001173,1.0
9507,95.07000000001173,1.0
9508,95.08000000001174,1.0
9509,95.09000000001174,1.0
9510,95.10000000001175,1.0
9511,95.11000000001175,1.0
9512,95.12000000001176,1.0
9513,95.13000000001176,1.0
9514,95.14000000001177,1.0
9515,95.15000000001177,1.0
9516,95.16000000001178,1.0
9517,95.17000000001178,1.0
9518,95.18000000001179,1.0
9519,95.19000000001179,1.0
9520,95.2000000000118,1.0
9521,95.2100000000118,1.0
9522,95.22000000001181,1.0
9523,95.23000000001181,1.0
9524,95.24000000001182,1.0
9525,95.25000000001182,1.0
9526,95.26000000001183,1.0
9527,95.27000000001183,1.0
9528,95.28000000001184,1.0
9529,95.29000000001184,1.0
9530,95.30000000001185,1.0
9531,95.31000000001185,1.0
9532,95.32000000001186,1.0
9533,95.33000000001186,1.0
9534,95.34000000001187,1.0
9535,95.35000000001187,1.0
9536,95.36000000001188,1.0
9537,95.37000000001188,1.0
9538,95.38000000001189,1.0
9539,95.3900000000119,1.0
9540,95.4000000000119,1.0
9541,95.4100000000119,1.0
9542,95.42000000001191,1.0
9543,95.43000000001192,1.0
9544,95.44000000001192,1.0
9545,95.45000000001193,1.0
9546,95.46000000001193,1.0
9547,95.47000000001194,1.0
9548,95.48000000001194,1.0
9549,95.49000000001195,1.0
9550,95.50000000001195,1.0
9551,95.51000000001196,1.0
9552,95.52000000001196,1.0
9553,95.53000000001197,1.0
9554,95.54000000001197,1.0
9555,95.55000000001198,1.0
9556,95.56000000001198,1.0
9557,95.57000000001199,1.0
9558,95.58000000001199,1.0
9559,95.590000000012,1.0
9560,95.600000000012,1.0
9561,95.61000000001201,1.0
9562,95.62000000001201,1.0
9563,95.63000000001202,1.0
9564,95.64000000001202,1.0
9565,95.65000000001203,1.0
9566,95.66000000001203,1.0
9567,95.67000000001204,1.0
9568,95.68000000001204,1.0
9569,95.69000000001205,1.0
9570,95.70000000001205,1.0
9571,95.71000000001206,1.0
9572,95.72000000001206,1.0
9573,95.73000000001207,1.0
9574,95.74000000001207,1.0
9575,95.75000000001208,1.0
9576,95.76000000001208,1.0
9577,95.77000000001209,1.0
9578,95.7800000000121,1.0
9579,95.7900000000121,1.0
9580,95.8000000000121,1.0
9581,95.81000000001211,1.0
9582,95.82000000001212,1.0
9583,95.83000000001212,1.0
9584,95.84000000001213,1.0
9585,95.85000000001213,1.0
9586,95.86000000001214,1.0
9587,95.87000000001214,1.0
9588,95.88000000001215,1.0
9589,95.89000000001215,1.0
9590,95.90000000001216,1.0
9591,95.91000000001216,1.0
9592,95.92000000001217,1.0
9593,95.93000000001217,1.0
9594,95.94000000001218,1.0
9595,95.95000000001218,1.0
9596,95.96000000001219,1.0
9597,95.97000000001219,1.0
9598,95.9800000000122,1.0
9599,95.9900000000122,1.0
9600,96.00000000001221,1.0
9601,96.01000000001221,1.0
9602,96.02000000001222,1.0
9603,96.03000000001222,1.0
9604,96.04000000001223,1.0
9605,96.05000000001223,1.0
9606,96.06000000001224,1.0
9607,96.07000000001224,1.0
9608,96.08000000001225,1.0
9609,96.09000000001225,1.0
9610,96.10000000001226,1.0
9611,96.11000000001226,1.0
9612,96.12000000001227,1.0
9613,96.13000000001227,1.0
9614,96.14000000001228,1.0
9615,96.15000000001228,1.0
9616,96.16000000001229,1.0
9617,96.1700000000123,1.0
9618,96.1800000000123,1.0
9619,96.1900000000123,1.0
9620,96.20000000001231,1.0
9621,96.21000000001231,1.0
9622,96.22000000001232,1.0
9623,96.23000000001232,1.0
9624,96.24000000001233,1.0
9625,96.25000000001234,1.0
9626,96.26000000001234,1.0
9627,96.27000000001235,1.0
9628,96.28000000001235,1.0
9629,96.29000000001236,1.0
9630,96.30000000001236,1.0
9631,96.31000000001237,1.0
9632,96.32000000001237,1.0
9633,96.33000000001238,1.0
9634,96.34000000001238,1.0
9635,96.35000000001239,1.0
9636,96.36000000001239,1.0
9637,96.3700000000124,1.0
9638,96.3800000000124,1.0
9639,96.3900000000124,1.0
9640,96.40000000001241,1.0
9641,96.41000000001242,1.0
9642,96.42000000001242,1.0
9643,96.43000000001243,1.0
9644,96.44000000001243,1.0
9645,96.45000000001244,1.0
9646,96.46000000001244,1.0
9647,96.47000000001245,1.0
9648,96.48000000001245,1.0
9649,96.49000000001246,1.0
9650,96.50000000001246,1.0
9651,96.51000000001247,1.0
9652,96.52000000001247,1.0
9653,96.53000000001248,1.0
9654,96.54000000001248,1.0
9655,96.55000000001249,1.0
9656,96.5600000000125,1.0
9657,96.5700000000125,1.0
9658,96.5800000000125,1.0
9659,96.59000000001251,1.0
9660,96.60000000001251,1.0
9661,96.61000000001252,1.0
9662,96.62000000001252,1.0
9663,96.63000000001253,1.0
9664,96.64000000001253,1.0
9665,96.65000000001254,1.0
9666,96.66000000001254,1.0
9667,96.67000000001255,1.0
9668,96.68000000001256,1.0
9669,96.69000000001256,1.0
9670,96.70000000001257,1.0
9671,96.71000000001257,1.0
9672,96.72000000001258,1.0
9673,96.73000000001258,1.0
9674,96.74000000001259,1.0
9675,96.75000000001259,1.0
9676,96.7600000000126,1.0
9677,96.7700000000126,1.0
9678,96.7800000000126,1.0
9679,96.79000000001261,1.0
9680,96.80000000001262,1.0
9681,96.81000000001262,1.0
9682,96.82000000001263,1.0
9683,96.83000000001263,1.0
9684,96.84000000001264,1.0
9685,96.85000000001264,1.0
9686,96.86000000001265,1.0
9687,96.87000000001265,1.0
9688,96.88000000001266,1.0
9689,96.89000000001266,1.0
9690,96.90000000001267,1.0
9691,96.91000000001267,1.0
9692,96.92000000001268,1.0
9693,96.93000000001268,1.0
9694,96.94000000001269,1.0
9695,96.9500000000127,1.0
9696,96.9600000000127,1.0
9697,96.9700000000127,1.0
9698,96.98000000001271,1.0
9699,96.99000000001271,1.0
9700,97.00000000001272,1.0
9701,97.01000000001272,1.0
9702,97.02000000001273,1.0
9703,97.03000000001273,1.0
9704,97.04000000001274,1.0
9705,97.05000000001274,1.0
9706,97.06000000001275,1.0
9707,97.07000000001275,1.0
9708,97.08000000001276,1.0
9709,97.09000000001276,1.0
9710,97.10000000001277,1.0
9711,97.11000000001277,1.0
9712,97.12000000001278,1.0
9713,97.13000000001279,1.0
9714,97.14000000001279,1.0
9715,97.1500000000128,1.0
9716,97.1600000000128,1.0
9717,97.1700000000128,1.0
9718,97.18000000001281,1.0
9719,97.19000000001282,1.0
9720,97.20000000001282,1.0
9721,97.21000000001283,1.0
9722,97.22000000001283,1.0
9723,97.23000000001284,1.0
9724,97.24000000001284,1.0
9725,97.25000000001285,1.0
9726,97.26000000001285,1.0
9727,97.27000000001286,1.0
9728,97.28000000001286,1.0
9729,97.29000000001287,1.0
9730,97.30000000001287,1.0
9731,97.31000000001288,1.0
9732,97.32000000001288,1.0
9733,97.33000000001289,1.0
9734,97.34000000001289,1.0
9735,97.3500000000129,1.0
9736,97.3600000000129,1.0
9737,97.37000000001291,1.0
9738,97.38000000001291,1.0
9739,97.39000000001292,1.0
9740,97.40000000001292,1.0
9741,97.41000000001293,1.0
9742,97.42000000001293,1.0
9743,97.43000000001294,1.0
9744,97.44000000001294,1.0
9745,97.45000000001295,1.0
9746,97.46000000001295,1.0
9747,97.47000000001296,1.0
9748,97.48000000001296,1.0
9749,97.49000000001297,1.0
9750,97.50000000001297,1.0
9751,97.51000000001298,1.0
9752,97.52000000001298,1.0
9753,97.53000000001299,1.0
9754,97.540000000013,1.0
9755,97.550000000013,1.0
9756,97.560000000013,1.0
9757,97.57000000001301,1.0
9758,97.58000000001302,1.0
9759,97.59000000001302,1.0
9760,97.60000000001303,1.0
9761,97.61000000001303,1.0
9762,97.62000000001304,1.0
9763,97.63000000001304,1.0
9764,97.64000000001305,1.0
9765,97.65000000001305,1.0
9766,97.66000000001306,1.0
9767,97.67000000001306,1.0
9768,97.68000000001307,1.0
9769,97.69000000001307,1.0
9770,97.70000000001308,1.0
9771,97.71000000001308,1.0
9772,97.72000000001309,1.0
9773,97.73000000001309,1.0
9774,97.7400000000131,1.0
9775,97.7500000000131,1.0
9776,97.76000000001311,1.0
9777,97.77000000001311,1.0
9778,97.78000000001312,1.0
9779,97.79000000001312,1.0
9780,97.80000000001313,1.0
9781,97.81000000001313,1.0
9782,97.82000000001314,1.0
9783,97.83000000001314,1.0
9784,97.84000000001315,1.0
9785,97.85000000001315,1.0
9786,97.86000000001316,1.0
9787,97.87000000001316,1.0
9788,97.88000000001317,1.0
9789,97.89000000001317,1.0
9790,97.90000000001318,1.0
9791,97.91000000001318,1.0
9792,97.92000000001319,1.0
9793,97.9300000000132,1.0
9794,97.9400000000132,1.0
9795,97.9500000000132,1.0
9796,97.96000000001321,1.0
9797,97.97000000001321,1.0
9798,97.98000000001322,1.0
9799,97.99000000001323,1.0
9800,98.00000000001323,1.0
9801,98.01000000001324,1.0
9802,98.02000000001324,1.0
9803,98.03000000001325,1.0
9804,98.04000000001325,1.0
9805,98.05000000001326,1.0
9806,98.06000000001326,1.0
9807,98.07000000001327,1.0
9808,98.08000000001327,1.0
9809,98.09000000001328,1.0
9810,98.10000000001328,1.0
9811,98.11000000001329,1.0
9812,98.12000000001329,1.0
9813,98.1300000000133,1.0
9814,98.1400000000133,1.0
9815,98.1500000000133,1.0
9816,98.16000000001331,1.0
9817,98.17000000001332,1.0
9818,98.18000000001332,1.0
9819,98.19000000001333,1.0
9820,98.20000000001333,1.0
9821,98.21000000001334,1.0
9822,98.22000000001334,1.0
9823,98.23000000001335,1.0
9824,98.24000000001335,1.0
9825,98.25000000001336,1.0
9826,98.26000000001336,1.0
9827,98.27000000001337,1.0
9828,98.28000000001337,1.0
9829,98.29000000001338,1.0
9830,98.30000000001338,1.0
9831,98.31000000001339,1.0
9832,98.3200000000134,1.0
9833,98.3300000000134,1.0
9834,98.3400000000134,1.0
9835,98.35000000001341,1.0
9836,98.36000000001341,1.0
9837,98.37000000001342,1.0
9838,98.38000000001342,1.0
9839,98.39000000001343,1.0
9840,98.40000000001343,1.0
9841,98.41000000001344,1.0
9842,98.42000000001345,1.0
9843,98.43000000001345,1.0
9844,98.44000000001346,1.0
9845,98.45000000001346,1.0
9846,98.46000000001347,1.0
9847,98.47000000001347,1.0
9848,98.48000000001348,1.0
9849,98.49000000001348,1.0
9850,98.50000000001349,1.0
9851,98.51000000001349,1.0
9852,98.5200000000135,1.0
9853,98.5300000000135,1.0
9854,98.5400000000135,1.0
9855,98.55000000001351,1.0
9856,98.56000000001352,1.0
9857,98.57000000001352,1.0
9858,98.58000000001353,1.0
9859,98.59000000001353,1.0
9860,98.60000000001354,1.0
9861,98.61000000001354,1.0
9862,98.62000000001355,1.0
9863,98.63000000001355,1.0
9864,98.64000000001356,1.0
9865,98.65000000001356,1.0
9866,98.66000000001357,1.0
9867,98.67000000001357,1.0
9868,98.68000000001358,1.0
9869,98.69000000001358,1.0
9870,98.70000000001359,1.0
9871,98.7100000000136,1.0
9872,98.7200000000136,1.0
9873,98.7300000000136,1.0
9874,98.74000000001361,1.0
9875,98.75000000001361,1.0
9876,98.76000000001362,1.0
9877,98.77000000001362,1.0
9878,98.78000000001363,1.0
9879,98.79000000001363,1.0
9880,98.80000000001364,1.0
9881,98.81000000001364,1.0
9882,98.82000000001365,1.0
9883,98.83000000001365,1.0
9884,98.84000000001366,1.0
9885,98.85000000001367,1.0
9886,98.86000000001367,1.0
9887,98.87000000001368,1.0
9888,98.88000000001368,1.0
9889,98.89000000001369,1.0
9890,98.90000000001369,1.0
9891,98.9100000000137,1.0
9892,98.9200000000137,1.0
9893,98.9300000000137,1.0
9894,98.94000000001371,1.0
9895,98.95000000001372,1.0
9896,98.96000000001372,1.0
9897,98.97000000001373,1.0
9898,98.98000000001373,1.0
9899,98.99000000001374,1.0
9900,99.00000000001374,1.0
9901,99.01000000001375,1.0
9902,99.02000000001375,1.0
9903,99.03000000001376,1.0
9904,99.04000000001376,1.0
9905,99.05000000001377,1.0
9906,99.06000000001377,1.0
9907,99.07000000001378,1.0
9908,99.08000000001378,1.0
9909,99.09000000001379,1.0
9910,99.1000000000138,1.0
9911,99.1100000000138,1.0
9912,99.1200000000138,1.0
9913,99.13000000001381,1.0
9914,99.14000000001381,1.0
9915,99.15000000001382,1.0
9916,99.16000000001382,1.0
9917,99.17000000001383,1.0
9918,99.18000000001383,1.0
9919,99.19000000001384,1.0
9920,99.20000000001384,1.0
9921,99.21000000001385,1.0
9922,99.22000000001385,1.0
9923,99.23000000001386,1.0
9924,99.24000000001386,1.0
9925,99.25000000001387,1.0
9926,99.26000000001387,1.0
9927,99.27000000001388,1.0
9928,99.28000000001389,1.0
9929,99.29000000001389,1.0
9930,99.3000000000139,1.0
9931,99.3100000000139,1.0
9932,99.3200000000139,1.0
9933,99.33000000001391,1.0
9934,99.34000000001392,1.0
9935,99.35000000001392,1.0
9936,99.36000000001393,1.0
9937,99.37000000001393,1.0
9938,99.38000000001394,1.0
9939,99.39000000001394,1.0
9940,99.40000000001395,1.0
9941,99.41000000001395,1.0
9942,99.42000000001396,1.0
9943,99.43000000001396,1.0
9944,99.44000000001397,1.0
9945,99.45000000001397,1.0
9946,99.46000000001398,1.0
9947,99.47000000001398,1.0
9948,99.48000000001399,1.0
9949,99.49000000001399,1.0
9950,99.500000000014,1.0
9951,99.510000000014,1.0
9952,99.52000000001401,1.0
9953,99.53000000001401,1.0
9954,99.54000000001402,1.0
9955,99.55000000001402,1.0
9956,99.56000000001403,1.0
9957,99.57000000001403,1.0
9958,99.58000000001404,1.0
9959,99.59000000001404,1.0
9960,99.60000000001405,1.0
9961,99.61000000001405,1.0
9962,99.62000000001406,1.0
9963,99.63000000001406,1.0
9964,99.64000000001407,1.0
9965,99.65000000001407,1.0
9966,99.66000000001408,1.0
9967,99.67000000001408,1.0
9968,99.68000000001409,1.0
9969,99.6900000000141,1.0
9970,99.7000000000141,1.0
9971,99.7100000000141,1.0
9972,99.72000000001411,1.0
9973,99.73000000001412,1.0
9974,99.74000000001412,1.0
9975,99.75000000001413,1.0
9976,99.76000000001413,1.0
9977,99.77000000001414,1.0
9978,99.78000000001414,1.0
9979,99.79000000001415,1.0
9980,99.80000000001415,1.0
9981,99.81000000001416,1.0
9982,99.82000000001416,1.0
9983,99.83000000001417,1.0
9984,99.84000000001417,1.0
9985,99.85000000001418,1.0
9986,99.86000000001418,1.0
9987,99.87000000001419,1.0
9988,99.88000000001419,1.0
9989,99.8900000000142,1.0
9990,99.9000000000142,1.0
9991,99.91000000001421,1.0
9992,99.92000000001421,1.0
9993,99.93000000001422,1.0
9994,99.94000000001422,1.0
9995,99.95000000001423,1.0
9996,99.96000000001423,1.0
9997,99.97000000001424,1.0
9998,99.98000000001424,1.0
9999,99.99000000001425,1.0
10000,100.00000000001425,1.0
10001,100.01000000001426,1.0
10002,100.02000000001426,1.0
10003,100.03000000001427,1.0
10004,100.04000000001427,1.0
10005,100.05000000001428,1.0
10006,100.06000000001428,1.0
10007,100.07000000001429,1.0
10008,100.0800000000143,1.0
10009,100.0900000000143,1.0
10010,100.1000000000143,1.0
10011,100.11000000001431,1.0
10012,100.12000000001431,1.0
10013,100.13000000001432,1.0
10014,100.14000000001433,1.0
10015,100.15000000001433,1.0
10016,100.16000000001434,1.0
10017,100.17000000001434,1.0
10018,100.18000000001435,1.0
10019,100.19000000001435,1.0
10020,100.20000000001436,1.0
10021,100.21000000001436,1.0
10022,100.22000000001437,1.0
10023,100.23000000001437,1.0
10024,100.24000000001438,1.0
10025,100.25000000001438,1.0
10026,100.26000000001439,1.0
10027,100.27000000001439,1.0
10028,100.2800000000144,1.0
10029,100.2900000000144,1.0
10030,100.3000000000144,1.0
10031,100.31000000001441,1.0
10032,100.32000000001442,1.0
10033,100.33000000001442,1.0
10034,100.34000000001443,1.0
10035,100.35000000001443,1.0
10036,100.36000000001444,1.0
10037,100.37000000001444,1.0
10038,100.38000000001445,1.0
10039,100.39000000001445,1.0
10040,100.40000000001446,1.0
10041,100.41000000001446,1.0
10042,100.42000000001447,1.0
10043,100.43000000001447,1.0
10044,100.44000000001448,1.0
10045,100.45000000001448,1.0
10046,100.46000000001449,1.0
10047,100.4700000000145,1.0
10048,100.4800000000145,1.0
10049,100.4900000000145,1.0
10050,100.50000000001451,1.0
10051,100.51000000001451,1.0
10052,100.52000000001452,1.0
10053,100.53000000001452,1.0
10054,100.54000000001453,1.0
10055,100.55000000001453,1.0
10056,100.56000000001454,1.0
10057,100.57000000001455,1.0
10058,100.58000000001455,1.0
10059,100.59000000001456,1.0
10060,100.60000000001456,1.0
10061,100.61000000001457,1.0
10062,100.62000000001457,1.0
10063,100.63000000001458,1.0
10064,100.64000000001458,1.0
10065,100.65000000001459,1.0
10066,100.66000000001459,1.0
10067,100.6700000000146,1.0
10068,100.6800000000146,1.0
10069,100.6900000000146,1.0
10070,100.70000000001461,1.0
10071,100.71000000001462,1.0
10072,100.72000000001462,1.0
10073,100.73000000001463,1.0
10074,100.74000000001463,1.0
10075,100.75000000001464,1.0
10076,100.76000000001464,1.0
10077,100.77000000001465,1.0
10078,100.78000000001465,1.0
10079,100.79000000001466,1.0
10080,100.80000000001466,1.0
10081,100.81000000001467,1.0
10082,100.82000000001467,1.0
10083,100.83000000001468,1.0
10084,100.84000000001468,1.0
10085,100.85000000001469,1.0
10086,100.8600000000147,1.0
10087,100.8700000000147,1.0
10088,100.8800000000147,1.0
10089,100.89000000001471,1.0
10090,100.90000000001471,1.0
10091,100.91000000001472,1.0
10092,100.92000000001472,1.0
10093,100.93000000001473,1.0
10094,100.94000000001473,1.0
10095,100.95000000001474,1.0
10096,100.96000000001474,1.0
10097,100.97000000001475,1.0
10098,100.98000000001475,1.0
10099,100.99000000001476,1.0
10100,101.00000000001477,1.0
10101,101.01000000001477,1.0
10102,101.02000000001478,1.0
10103,101.03000000001478,1.0
10104,101.04000000001479,1.0
10105,101.05000000001479,1.0
10106,101.0600000000148,1.0
10107,101.0700000000148,1.0
10108,101.0800000000148,1.0
10109,101.09000000001481,1.0
10110,101.10000000001482,1.0
10111,101.11000000001482,1.0
10112,101.12000000001483,1.0
10113,101.13000000001483,1.0
10114,101.14000000001484,1.0
10115,101.15000000001484,1.0
10116,101.16000000001485,1.0
10117,101.17000000001485,1.0
10118,101.18000000001486,1.0
10119,101.19000000001486,1.0
10120,101.20000000001487,1.0
10121,101.21000000001487,1.0
10122,101.22000000001488,1.0
10123,101.23000000001488,1.0
10124,101.24000000001489,1.0
10125,101.2500000000149,1.0
10126,101.2600000000149,1.0
10127,101.2700000000149,1.0
10128,101.28000000001491,1.0
10129,101.29000000001491,1.0
10130,101.30000000001492,1.0
10131,101.31000000001492,1.0
10132,101.32000000001493,1.0
10133,101.33000000001493,1.0
10134,101.34000000001494,1.0
10135,101.35000000001494,1.0
10136,101.36000000001495,1.0
10137,101.37000000001495,1.0
10138,101.38000000001496,1.0
10139,101.39000000001496,1.0
10140,101.40000000001497,1.0
10141,101.41000000001497,1.0
10142,101.42000000001498,1.0
10143,101.43000000001499,1.0
10144,101.44000000001499,1.0
10145,101.450000000015,1.0
10146,101.460000000015,1.0
10147,101.470000000015,1.0
10148,101.48000000001501,1.0
10149,101.49000000001502,1.0
10150,101.50000000001502,1.0
10151,101.51000000001503,1.0
10152,101.52000000001503,1.0
10153,101.53000000001504,1.0
10154,101.54000000001504,1.0
10155,101.55000000001505,1.0
10156,101.56000000001505,1.0
10157,101.57000000001506,1.0
10158,101.58000000001506,1.0
10159,101.59000000001507,1.0
10160,101.60000000001507,1.0
10161,101.61000000001508,1.0
10162,101.62000000001508,1.0
10163,101.63000000001509,1.0
10164,101.64000000001509,1.0
10165,101.6500000000151,1.0
10166,101.6600000000151,1.0
10167,101.67000000001511,1.0
10168,101.68000000001511,1.0
10169,101.69000000001512,1.0
10170,101.70000000001512,1.0
10171,101.71000000001513,1.0
10172,101.72000000001513,1.0
10173,101.73000000001514,1.0
10174,101.74000000001514,1.0
10175,101.75000000001515,1.0
10176,101.76000000001515,1.0
10177,101.77000000001516,1.0
10178,101.78000000001516,1.0
10179,101.79000000001517,1.0
10180,101.80000000001517,1.0
10181,101.81000000001518,1.0
10182,101.82000000001518,1.0
10183,101.83000000001519,1.0
10184,101.8400000000152,1.0
10185,101.8500000000152,1.0
10186,101.8600000000152,1.0
10187,101.87000000001521,1.0
10188,101.88000000001522,1.0
10189,101.89000000001522,1.0
10190,101.90000000001523,1.0
10191,101.91000000001523,1.0
10192,101.92000000001524,1.0
10193,101.93000000001524,1.0
10194,101.94000000001525,1.0
10195,101.95000000001525,1.0
10196,101.96000000001526,1.0
10197,101.97000000001526,1.0
10198,101.98000000001527,1.0
10199,101.99000000001527,1.0
10200,102.00000000001528,1.0
10201,102.01000000001528,1.0
10202,102.02000000001529,1.0
10203,102.03000000001529,1.0
10204,102.0400000000153,1.0
10205,102.0500000000153,1.0
10206,102.06000000001531,1.0
10207,102.07000000001531,1.0
10208,102.08000000001532,1.0
10209,102.09000000001532,1.0
10210,102.10000000001533,1.0
10211,102.11000000001533,1.0
10212,102.12000000001534,1.0
10213,102.13000000001534,1.0
10214,102.14000000001535,1.0
10215,102.15000000001535,1.0
10216,102.16000000001536,-inf
10217,102.17000000001536,-inf
10218,102.18000000001537,-inf
10219,102.19000000001537,-inf
10220,102.20000000001538,-inf
10221,102.21000000001538,-inf
10222,102.22000000001539,-inf
10223,102.2300000000154,-inf
10224,102.2400000000154,-inf
10225,102.2500000000154,-inf
10226,102.26000000001541,-inf
10227,102.27000000001541,-inf
10228,102.28000000001542,-inf
10229,102.29000000001543,-inf
10230,102.30000000001543,-inf
10231,102.31000000001544,-inf
10232,102.32000000001544,-inf
10233,102.33000000001545,-inf
10234,102.34000000001545,-inf
10235,102.35000000001546,-inf
10236,102.36000000001546,-inf
10237,102.37000000001547,-inf
10238,102.38000000001547,-inf
10239,102.39000000001548,-inf
10240,102.40000000001548,-inf
10241,102.41000000001549,-inf
10242,102.42000000001549,-inf
10243,102.4300000000155,-inf
10244,102.4400000000155,-inf
10245,102.4500000000155,-inf
10246,102.46000000001551,-inf
10247,102.47000000001552,-inf
10248,102.48000000001552,-inf
10249,102.49000000001553,-inf
10250,102.50000000001553,-inf
10251,102.51000000001554,-inf
10252,102.52000000001554,-inf
10253,102.53000000001555,-inf
10254,102.54000000001555,-inf
10255,102.55000000001556,-inf
10256,102.56000000001556,-inf
10257,102.57000000001557,-inf
10258,102.58000000001557,-inf
10259,102.59000000001558,-inf
10260,102.60000000001558,-inf
10261,102.61000000001559,-inf
10262,102.6200000000156,-inf
10263,102.6300000000156,-inf
10264,102.6400000000156,-inf
10265,102.65000000001561,-inf
10266,102.66000000001561,-inf
10267,102.67000000001562,-inf
10268,102.68000000001562,-inf
10269,102.69000000001563,-inf
10270,102.70000000001563,-inf
10271,102.71000000001564,-inf
10272,102.72000000001565,-inf
10273,102.73000000001565,-inf
10274,102.74000000001566,-inf
10275,102.75000000001566,-inf
10276,102.76000000001567,-inf
10277,102.77000000001567,-inf
10278,102.78000000001568,-inf
10279,102.79000000001568,-inf
10280,102.80000000001569,-inf
10281,102.81000000001569,-inf
10282,102.8200000000157,-inf
10283,102.8300000000157,-inf
10284,102.8400000000157,-inf
10285,102.85000000001571,-inf
10286,102.86000000001572,-inf
10287,102.87000000001572,-inf
10288,102.88000000001573,-inf
10289,102.89000000001573,-inf
10290,102.90000000001574,-inf
10291,102.91000000001574,-inf
10292,102.92000000001575,-inf
10293,102.93000000001575,-inf
10294,102.94000000001576,-inf
10295,102.95000000001576,-inf
10296,102.96000000001577,-inf
10297,102.97000000001577,-inf
10298,102.98000000001578,-inf
10299,102.99000000001578,-inf
10300,103.00000000001579,-inf
10301,103.0100000000158,-inf
10302,103.0200000000158,-inf
10303,103.0300000000158,-inf
10304,103.04000000001581,-inf
10305,103.05000000001581,-inf
10306,103.06000000001582,-inf
10307,103.07000000001582,-inf
10308,103.08000000001583,-inf
10309,103.09000000001583,-inf
10310,103.10000000001584,-inf
10311,103.11000000001584,-inf
10312,103.12000000001585,-inf
10313,103.13000000001585,-inf
10314,103.14000000001586,-inf
10315,103.15000000001586,-inf
10316,103.16000000001587,-inf
10317,103.17000000001588,-inf
10318,103.18000000001588,-inf
10319,103.19000000001589,-inf
10320,103.20000000001589,-inf
10321,103.2100000000159,-inf
10322,103.2200000000159,-inf
10323,103.2300000000159,-inf
10324,103.24000000001591,-inf
10325,103.25000000001592,-inf
10326,103.26000000001592,-inf
10327,103.27000000001593,-inf
10328,103.28000000001593,-inf
10329,103.29000000001594,-inf
10330,103.30000000001594,-inf
10331,103.31000000001595,-inf
10332,103.32000000001595,-inf
10333,103.33000000001596,-inf
10334,103.34000000001596,-inf
10335,103.35000000001597,-inf
10336,103.36000000001597,-inf
10337,103.37000000001598,-inf
10338,103.38000000001598,-inf
10339,103.39000000001599,-inf
10340,103.400000000016,-inf
10341,103.410000000016,-inf
10342,103.420000000016,-inf
10343,103.43000000001601,-inf
10344,103.44000000001601,-inf
10345,103.45000000001602,-inf
10346,103.46000000001602,-inf
10347,103.47000000001603,-inf
10348,103.48000000001603,-inf
10349,103.49000000001604,-inf
10350,103.50000000001604,-inf
10351,103.51000000001605,-inf
10352,103.52000000001605,-inf
10353,103.53000000001606,-inf
10354,103.54000000001606,-inf
10355,103.55000000001607,-inf
10356,103.56000000001607,-inf
10357,103.57000000001608,-inf
10358,103.58000000001608,-inf
10359,103.59000000001609,-inf
10360,103.6000000000161,-inf
10361,103.6100000000161,-inf
10362,103.6200000000161,-inf
10363,103.63000000001611,-inf
10364,103.64000000001612,-inf
10365,103.65000000001612,-inf
10366,103.66000000001613,-inf
10367,103.67000000001613,-inf
10368,103.68000000001614,-inf
10369,103.69000000001614,-inf
10370,103.70000000001615,-inf
10371,103.71000000001615,-inf
10372,103.72000000001616,-inf
10373,103.73000000001616,-inf
10374,103.74000000001617,-inf
10375,103.75000000001617,-inf
10376,103.76000000001618,-inf
10377,103.77000000001618,-inf
10378,103.78000000001619,-inf
10379,103.79000000001619,-inf
10380,103.8000000000162,-inf
10381,103.8100000000162,-inf
10382,103.82000000001621,-inf
10383,103.83000000001621,-inf
10384,103.84000000001622,-inf
10385,103.85000000001622,-inf
10386,103.86000000001623,-inf
10387,103.87000000001623,-inf
10388,103.88000000001624,-inf
10389,103.89000000001624,-inf
10390,103.90000000001625,-inf
10391,103.91000000001625,-inf
10392,103.92000000001626,-inf
10393,103.93000000001626,-inf
10394,103.94000000001627,-inf
10395,103.95000000001627,-inf
10396,103.96000000001628,-inf
10397,103.97000000001628,-inf
10398,103.98000000001629,-inf
10399,103.9900000000163,-inf
10400,104.0000000000163,-inf
10401,104.0100000000163,-inf
10402,104.02000000001631,-inf
10403,104.03000000001632,-inf
10404,104.04000000001632,-inf
10405,104.05000000001633,-inf
10406,104.06000000001633,-inf
10407,104.07000000001634,-inf
10408,104.08000000001634,-inf
10409,104.09000000001635,-inf
10410,104.10000000001635,-inf
10411,104.11000000001636,-inf
10412,104.12000000001636,-inf
10413,104.13000000001637,-inf
10414,104.14000000001637,-inf
10415,104.15000000001638,-inf
10416,104.16000000001638,-inf
10417,104.17000000001639,-inf
10418,104.18000000001639,-inf
10419,104.1900000000164,-inf
10420,104.2000000000164,-inf
10421,104.21000000001641,-inf
10422,104.22000000001641,-inf
10423,104.23000000001642,-inf
10424,104.24000000001642,-inf
10425,104.25000000001643,-inf
10426,104.26000000001643,-inf
10427,104.27000000001644,-inf
10428,104.28000000001644,-inf
10429,104.29000000001645,-inf
10430,104.30000000001645,-inf
10431,104.31000000001646,-inf
10432,104.32000000001646,-inf
10433,104.33000000001647,-inf
10434,104.34000000001647,-inf
10435,104.35000000001648,-inf
10436,104.36000000001648,-inf
10437,104.37000000001649,-inf
10438,104.3800000000165,-inf
10439,104.3900000000165,-inf
10440,104.4000000000165,-inf
10441,104.41000000001651,-inf
10442,104.42000000001651,-inf
10443,104.43000000001652,-inf
10444,104.44000000001652,-inf
10445,104.45000000001653,-inf
10446,104.46000000001654,-inf
10447,104.47000000001654,-inf
10448,104.48000000001655,-inf
10449,104.49000000001655,-inf
10450,104.50000000001656,-inf
10451,104.51000000001656,-inf
10452,104.52000000001657,-inf
10453,104.53000000001657,-inf
10454,104.54000000001658,-inf
10455,104.55000000001658,-inf
10456,104.56000000001659,-inf
10457,104.57000000001659,-inf
10458,104.5800000000166,-inf
10459,104.5900000000166,-inf
10460,104.6000000000166,-inf
10461,104.61000000001661,-inf
10462,104.62000000001662,-inf
10463,104.63000000001662,-inf
10464,104.64000000001663,-inf
10465,104.65000000001663,-inf
10466,104.66000000001664,-inf
10467,104.67000000001664,-inf
10468,104.68000000001665,-inf
10469,104.69000000001665,-inf
10470,104.70000000001666,-inf
10471,104.71000000001666,-inf
10472,104.72000000001667,-inf
10473,104.73000000001667,-inf
10474,104.74000000001668,-inf
10475,104.75000000001668,-inf
10476,104.76000000001669,-inf
10477,104.7700000000167,-inf
10478,104.7800000000167,-inf
10479,104.7900000000167,-inf
10480,104.80000000001671,-inf
10481,104.81000000001671,-inf
10482,104.82000000001672,-inf
10483,104.83000000001672,-inf
10484,104.84000000001673,-inf
10485,104.85000000001673,-inf
10486,104.86000000001674,-inf
10487,104.87000000001674,-inf
10488,104.88000000001675,-inf
10489,104.89000000001676,-inf
10490,104.90000000001676,-inf
10491,104.91000000001677,-inf
10492,104.92000000001677,-inf
10493,104.93000000001678,-inf
10494,104.94000000001678,-inf
10495,104.95000000001679,-inf
10496,104.96000000001679,-inf
10497,104.9700000000168,-inf
10498,104.9800000000168,-inf
10499,104.9900000000168,-inf
10500,105.00000000001681,-inf
10501,105.01000000001682,-inf
10502,105.02000000001682,-inf
10503,105.03000000001683,-inf
10504,105.04000000001683,-inf
10505,105.05000000001684,-inf
10506,105.06000000001684,-inf
10507,105.07000000001685,-inf
10508,105.08000000001685,-inf
10509,105.09000000001686,-inf
10510,105.10000000001686,-inf
10511,105.11000000001687,-inf
10512,105.12000000001687,-inf
10513,105.13000000001688,-inf
10514,105.14000000001688,-inf
10515,105.15000000001689,-inf
10516,105.1600000000169,-inf
10517,105.1700000000169,-inf
10518,105.1800000000169,-inf
10519,105.19000000001691,-inf
10520,105.20000000001691,-inf
10521,105.21000000001692,-inf
10522,105.22000000001692,-inf
10523,105.23000000001693,-inf
10524,105.24000000001693,-inf
10525,105.25000000001694,-inf
10526,105.26000000001694,-inf
10527,105.27000000001695,-inf
10528,105.28000000001695,-inf
10529,105.29000000001696,-inf
10530,105.30000000001696,-inf
10531,105.31000000001697,-inf
10532,105.32000000001698,-inf
10533,105.33000000001698,-inf
10534,105.34000000001699,-inf
10535,105.35000000001699,-inf
10536,105.360000000017,-inf
10537,105.370000000017,-inf
10538,105.380000000017,-inf
10539,105.39000000001701,-inf
10540,105.40000000001702,-inf
10541,105.41000000001702,-inf
10542,105.42000000001703,-inf
10543,105.43000000001703,-inf
10544,105.44000000001704,-inf
10545,105.45000000001704,-inf
10546,105.46000000001705,-inf
10547,105.47000000001705,-inf
10548,105.48000000001706,-inf
10549,105.49000000001706,-inf
10550,105.50000000001707,-inf
10551,105.51000000001707,-inf
10552,105.52000000001708,-inf
10553,105.53000000001708,-inf
10554,105.54000000001709,-inf
10555,105.55000000001709,-inf
10556,105.5600000000171,-inf
10557,105.5700000000171,-inf
10558,105.58000000001711,-inf
10559,105.59000000001711,-inf
10560,105.60000000001712,-inf
10561,105.61000000001712,-inf
10562,105.62000000001713,-inf
10563,105.63000000001713,-inf
10564,105.64000000001714,-inf
10565,105.65000000001714,-inf
10566,105.66000000001715,-inf
10567,105.67000000001715,-inf
10568,105.68000000001716,-inf
10569,105.69000000001716,-inf
10570,105.70000000001717,-inf
10571,105.71000000001717,-inf
10572,105.72000000001718,-inf
10573,105.73000000001718,-inf
10574,105.74000000001719,-inf
10575,105.7500000000172,-inf
10576,105.7600000000172,-inf
10577,105.7700000000172,-inf
10578,105.78000000001721,-inf
10579,105.79000000001722,-inf
10580,105.80000000001722,-inf
10581,105.81000000001723,-inf
10582,105.82000000001723,-inf
10583,105.83000000001724,-inf
10584,105.84000000001724,-inf
10585,105.85000000001725,-inf
10586,105.86000000001725,-inf
10587,105.87000000001726,-inf
10588,105.88000000001726,-inf
10589,105.89000000001727,-inf
10590,105.90000000001727,-inf
10591,105.91000000001728,-inf
10592,105.92000000001728,-inf
10593,105.93000000001729,-inf
10594,105.94000000001729,-inf
10595,105.9500000000173,-inf
10596,105.9600000000173,-inf
10597,105.97000000001731,-inf
10598,105.98000000001731,-inf
10599,105.99000000001732,-inf
10600,106.00000000001732,-inf
10601,106.01000000001733,-inf
10602,106.02000000001733,-inf
10603,106.03000000001734,-inf
10604,106.04000000001734,-inf
10605,106.05000000001735,-inf
10606,106.06000000001735,-inf
10607,106.07000000001736,-inf
10608,106.08000000001736,-inf
10609,106.09000000001737,-inf
10610,106.10000000001737,-inf
10611,106.11000000001738,-inf
10612,106.12000000001738,-inf
10613,106.13000000001739,-inf
10614,106.1400000000174,-inf
10615,106.1500000000174,-inf
10616,106.1600000000174,-inf
10617,106.17000000001741,-inf
10618,106.18000000001742,-inf
10619,106.19000000001742,-inf
10620,106.20000000001743,-inf
10621,106.21000000001743,-inf
10622,106.22000000001744,-inf
10623,106.23000000001744,-inf
10624,106.24000000001745,-inf
10625,106.25000000001745,-inf
10626,106.26000000001746,-inf
10627,106.27000000001746,-inf
10628,106.28000000001747,-inf
10629,106.29000000001747,-inf
10630,106.30000000001748,-inf
10631,106.31000000001748,-inf
10632,106.32000000001749,-inf
10633,106.33000000001749,-inf
10634,106.3400000000175,-inf
10635,106.3500000000175,-inf
10636,106.36000000001751,-inf
10637,106.37000000001751,-inf
10638,106.38000000001752,-inf
10639,106.39000000001752,-inf
10640,106.40000000001753,-inf
10641,106.41000000001753,-inf
10642,106.42000000001754,-inf
10643,106.43000000001754,-inf
10644,106.44000000001755,-inf
10645,106.45000000001755,-inf
10646,106.46000000001756,-inf
10647,106.47000000001756,-inf
10648,106.48000000001757,-inf
10649,106.49000000001757,-inf
10650,106.50000000001758,-inf
10651,106.51000000001758,-inf
10652,106.52000000001759,-inf
10653,106.5300000000176,-inf
10654,106.5400000000176,-inf
10655,106.5500000000176,-inf
10656,106.56000000001761,-inf
10657,106.57000000001761,-inf
10658,106.58000000001762,-inf
10659,106.59000000001762,-inf
10660,106.60000000001763,-inf
10661,106.61000000001764,-inf
10662,106.62000000001764,-inf
10663,106.63000000001765,-inf
10664,106.64000000001765,-inf
10665,106.65000000001766,-inf
10666,106.66000000001766,-inf
10667,106.67000000001767,-inf
10668,106.68000000001767,-inf
10669,106.69000000001768,-inf
10670,106.70000000001768,-inf
10671,106.71000000001769,-inf
10672,106.72000000001769,-inf
10673,106.7300000000177,-inf
10674,106.7400000000177,-inf
10675,106.7500000000177,-inf
10676,106.76000000001771,-inf
10677,106.77000000001772,-inf
10678,106.78000000001772,-inf
10679,106.79000000001773,-inf
10680,106.80000000001773,-inf
10681,106.81000000001774,-inf
10682,106.82000000001774,-inf
10683,106.83000000001775,-inf
10684,106.84000000001775,-inf
10685,106.85000000001776,-inf
10686,106.86000000001776,-inf
10687,106.87000000001777,-inf
10688,106.88000000001777,-inf
10689,106.89000000001778,-inf
10690,106.90000000001778,-inf
10691,106.91000000001779,-inf
10692,106.9200000000178,-inf
10693,106.9300000000178,-inf
10694,106.9400000000178,-inf
10695,106.95000000001781,-inf
10696,106.96000000001781,-inf
10697,106.97000000001782,-inf
10698,106.98000000001782,-inf
10699,106.99000000001783,-inf
10700,107.00000000001783,-inf
10701,107.01000000001784,-inf
10702,107.02000000001784,-inf
10703,107.03000000001785,-inf
10704,107.04000000001786,-inf
10705,107.05000000001786,-inf
10706,107.06000000001787,-inf
10707,107.07000000001787,-inf
10708,107.08000000001788,-inf
10709,107.09000000001788,-inf
10710,107.10000000001789,-inf
10711,107.11000000001789,-inf
10712,107.1200000000179,-inf
10713,107.1300000000179,-inf
10714,107.1400000000179,-inf
10715,107.15000000001791,-inf
10716,107.16000000001792,-inf
10717,107.17000000001792,-inf
10718,107.18000000001793,-inf
10719,107.19000000001793,-inf
10720,107.20000000001794,-inf
10721,107.21000000001794,-inf
10722,107.22000000001795,-inf
10723,107.23000000001795,-inf
10724,107.24000000001796,-inf
10725,107.25000000001796,-inf
10726,107.26000000001797,-inf
10727,107.27000000001797,-inf
10728,107.28000000001798,-inf
10729,107.29000000001798,-inf
10730,107.30000000001799,-inf
10731,107.310000000018,-inf
10732,107.320000000018,-inf
10733,107.330000000018,-inf
10734,107.34000000001801,-inf
10735,107.35000000001801,-inf
10736,107.36000000001802,-inf
10737,107.37000000001802,-inf
10738,107.38000000001803,-inf
10739,107.39000000001803,-inf
10740,107.40000000001804,-inf
10741,107.41000000001804,-inf
10742,107.42000000001805,-inf
10743,107.43000000001805,-inf
10744,107.44000000001806,-inf
10745,107.45000000001806,-inf
10746,107.46000000001807,-inf
10747,107.47000000001808,-inf
10748,107.48000000001808,-inf
10749,107.49000000001809,-inf
10750,107.50000000001809,-inf
10751,107.5100000000181,-inf
10752,107.5200000000181,-inf
10753,107.5300000000181,-inf
10754,107.54000000001811,-inf
10755,107.55000000001812,-inf
10756,107.56000000001812,-inf
10757,107.57000000001813,-inf
10758,107.58000000001813,-inf
10759,107.59000000001814,-inf
10760,107.60000000001814,-inf
10761,107.61000000001815,-inf
10762,107.62000000001815,-inf
10763,107.63000000001816,-inf
10764,107.64000000001816,-inf
10765,107.65000000001817,-inf
10766,107.66000000001817,-inf
10767,107.67000000001818,-inf
10768,107.68000000001818,-inf
10769,107.69000000001819,-inf
10770,107.70000000001819,-inf
10771,107.7100000000182,-inf
10772,107.7200000000182,-inf
10773,107.73000000001821,-inf
10774,107.74000000001821,-inf
10775,107.75000000001822,-inf
10776,107.76000000001822,-inf
10777,107.77000000001823,-inf
10778,107.78000000001823,-inf
10779,107.79000000001824,-inf
10780,107.80000000001824,-inf
10781,107.81000000001825,-inf
10782,107.82000000001825,-inf
10783,107.83000000001826,-inf
10784,107.84000000001826,-inf
10785,107.85000000001827,-inf
10786,107.86000000001827,-inf
10787,107.87000000001828,-inf
10788,107.88000000001828,-inf
10789,107.89000000001829,-inf
10790,107.9000000000183,-inf
10791,107.9100000000183,-inf
10792,107.9200000000183,-inf
10793,107.93000000001831,-inf
10794,107.94000000001832,-inf
10795,107.95000000001832,-inf
10796,107.96000000001833,-inf
10797,107.97000000001833,-inf
10798,107.98000000001834,-inf
10799,107.99000000001834,-inf
10800,108.00000000001835,-inf
10801,108.01000000001835,-inf
10802,108.02000000001836,-inf
10803,108.03000000001836,-inf
10804,108.04000000001837,-inf
10805,108.05000000001837,-inf
10806,108.06000000001838,-inf
10807,108.07000000001838,-inf
10808,108.08000000001839,-inf
10809,108.09000000001839,-inf
10810,108.1000000000184,-inf
10811,108.1100000000184,-inf
10812,108.12000000001841,-inf
10813,108.13000000001841,-inf
10814,108.14000000001842,-inf
10815,108.15000000001842,-inf
10816,108.16000000001843,-inf
10817,108.17000000001843,-inf
10818,108.18000000001844,-inf
10819,108.19000000001844,-inf
10820,108.20000000001845,-inf
10821,108.21000000001845,-inf
10822,108.22000000001846,-inf
10823,108.23000000001846,-inf
10824,108.24000000001847,-inf
10825,108.25000000001847,-inf
10826,108.26000000001848,-inf
10827,108.27000000001848,-inf
10828,108.28000000001849,-inf
10829,108.2900000000185,-inf
10830,108.3000000000185,-inf
10831,108.3100000000185,-inf
10832,108.32000000001851,-inf
10833,108.33000000001852,-inf
10834,108.34000000001852,-inf
10835,108.35000000001853,-inf
10836,108.36000000001853,-inf
10837,108.37000000001854,-inf
10838,108.38000000001854,-inf
10839,108.39000000001855,-inf
10840,108.40000000001855,-inf
10841,108.41000000001856,-inf
10842,108.42000000001856,-inf
10843,108.43000000001857,-inf
10844,108.44000000001857,-inf
10845,108.45000000001858,-inf
10846,108.46000000001858,-inf
10847,108.47000000001859,-inf
10848,108.48000000001859,-inf
10849,108.4900000000186,-inf
10850,108.5000000000186,-inf
10851,108.51000000001861,-inf
10852,108.52000000001861,-inf
10853,108.53000000001862,-inf
10854,108.54000000001862,-inf
10855,108.55000000001863,-inf
10856,108.56000000001863,-inf
10857,108.57000000001864,-inf
10858,108.58000000001864,-inf
10859,108.59000000001865,-inf
10860,108.60000000001865,-inf
10861,108.61000000001866,-inf
10862,108.62000000001866,-inf
10863,108.63000000001867,-inf
10864,108.64000000001867,-inf
10865,108.65000000001868,-inf
10866,108.66000000001868,-inf
10867,108.67000000001869,-inf
10868,108.6800000000187,-inf
10869,108.6900000000187,-inf
10870,108.7000000000187,-inf
10871,108.71000000001871,-inf
10872,108.72000000001871,-inf
10873,108.73000000001872,-inf
10874,108.74000000001872,-inf
10875,108.75000000001873,-inf
10876,108.76000000001874,-inf
10877,108.77000000001874,-inf
10878,108.78000000001875,-inf
10879,108.79000000001875,-inf
10880,108.80000000001876,-inf
10881,108.81000000001876,-inf
10882,108.82000000001877,-inf
10883,108.83000000001877,-inf
10884,108.84000000001878,-inf
10885,108.85000000001878,-inf
10886,108.86000000001879,-inf
10887,108.87000000001879,-inf
10888,108.8800000000188,-inf
10889,108.8900000000188,-inf
10890,108.9000000000188,-inf
10891,108.91000000001881,-inf
10892,108.92000000001882,-inf
10893,108.93000000001882,-inf
10894,108.94000000001883,-inf
10895,108.95000000001883,-inf
10896,108.96000000001884,-inf
10897,108.97000000001884,-inf
10898,108.98000000001885,-inf
10899,108.99000000001885,-inf
10900,109.00000000001886,-inf
10901,109.01000000001886,-inf
10902,109.02000000001887,-inf
10903,109.03000000001887,-inf
10904,109.04000000001888,-inf
10905,109.05000000001888,-inf
10906,109.06000000001889,-inf
10907,109.0700000000189,-inf
10908,109.0800000000189,-inf
10909,109.0900000000189,-inf
10910,109.10000000001891,-inf
10911,109.11000000001891,-inf
10912,109.12000000001892,-inf
10913,109.13000000001892,-inf
10914,109.14000000001893,-inf
10915,109.15000000001893,-inf
10916,109.16000000001894,-inf
10917,109.17000000001894,-inf
10918,109.18000000001895,-inf
10919,109.19000000001896,-inf
10920,109.20000000001896,-inf
10921,109.21000000001897,-inf
10922,109.22000000001897,-inf
10923,109.23000000001898,-inf
10924,109.24000000001898,-inf
10925,109.25000000001899,-inf
10926,109.26000000001899,-inf
10927,109.270000000019,-inf
10928,109.280000000019,-inf
10929,109.290000000019,-inf
10930,109.30000000001901,-inf
10931,109.31000000001902,-inf
10932,109.32000000001902,-inf
10933,109.33000000001903,-inf
10934,109.34000000001903,-inf
10935,109.35000000001904,-inf
10936,109.36000000001904,-inf
10937,109.37000000001905,-inf
10938,109.38000000001905,-inf
10939,109.39000000001906,-inf
10940,109.40000000001906,-inf
10941,109.41000000001907,-inf
10942,109.42000000001907,-inf
10943,109.43000000001908,-inf
10944,109.44000000001908,-inf
10945,109.45000000001909,-inf
10946,109.4600000000191,-inf
10947,109.4700000000191,-inf
10948,109.4800000000191,-inf
10949,109.49000000001911,-inf
10950,109.50000000001911,-inf
10951,109.51000000001912,-inf
10952,109.52000000001912,-inf
10953,109.53000000001913,-inf
10954,109.54000000001913,-inf
10955,109.55000000001914,-inf
10956,109.56000000001914,-inf
10957,109.57000000001915,-inf
10958,109.58000000001915,-inf
10959,109.59000000001916,-inf
10960,109.60000000001916,-inf
10961,109.61000000001917,-inf
10962,109.62000000001917,-inf
10963,109.63000000001918,-inf
10964,109.64000000001919,-inf
10965,109.65000000001919,-inf
10966,109.6600000000192,-inf
10967,109.6700000000192,-inf
10968,109.6800000000192,-inf
10969,109.69000000001921,-inf
10970,109.70000000001922,-inf
10971,109.71000000001922,-inf
10972,109.72000000001923,-inf
10973,109.73000000001923,-inf
10974,109.74000000001924,-inf
10975,109.75000000001924,-inf
10976,109.76000000001925,-inf
10977,109.77000000001925,-inf
10978,109.78000000001926,-inf
10979,109.79000000001926,-inf
10980,109.80000000001927,-inf
10981,109.81000000001927,-inf
10982,109.82000000001928,-inf
10983,109.83000000001928,-inf
10984,109.84000000001929,-inf
10985,109.85000000001929,-inf
10986,109.8600000000193,-inf
10987,109.8700000000193,-inf
10988,109.88000000001931,-inf
10989,109.89000000001931,-inf
10990,109.90000000001932,-inf
10991,109.91000000001932,-inf
10992,109.92000000001933,-inf
10993,109.93000000001933,-inf
10994,109.94000000001934,-inf
10995,109.95000000001934,-inf
10996,109.96000000001935,-inf
10997,109.97000000001935,-inf
10998,109.98000000001936,-inf
10999,109.99000000001936,-inf
11000,110.00000000001937,-inf
11001,110.01000000001937,-inf
11002,110.02000000001938,-inf
11003,110.03000000001938,-inf
11004,110.04000000001939,-inf
11005,110.0500000000194,-inf
11006,110.0600000000194,-inf
11007,110.0700000000194,-inf
11008,110.08000000001941,-inf
11009,110.09000000001942,-inf
11010,110.10000000001942,-inf
11011,110.11000000001943,-inf
11012,110.12000000001943,-inf
11013,110.13000000001944,-inf
11014,110.14000000001944,-inf
11015,110.15000000001945,-inf
11016,110.16000000001945,-inf
11017,110.17000000001946,-inf
11018,110.18000000001946,-inf
11019,110.19000000001947,-inf
11020,110.20000000001947,-inf
11021,110.21000000001948,-inf
11022,110.22000000001948,-inf
11023,110.23000000001949,-inf
11024,110.24000000001949,-inf
11025,110.2500000000195,-inf
11026,110.2600000000195,-inf
11027,110.27000000001951,-inf
11028,110.28000000001951,-inf
11029,110.29000000001952,-inf
11030,110.30000000001952,-inf
11031,110.31000000001953,-inf
11032,110.32000000001953,-inf
11033,110.33000000001954,-inf
11034,110.34000000001954,-inf
11035,110.35000000001955,-inf
11036,110.36000000001955,-inf
11037,110.37000000001956,-inf
11038,110.38000000001956,-inf
11039,110.39000000001957,-inf
11040,110.40000000001957,-inf
11041,110.41000000001958,-inf
11042,110.42000000001958,-inf
11043,110.43000000001959,-inf
11044,110.4400000000196,-inf
11045,110.4500000000196,-inf
11046,110.4600000000196,-inf
11047,110.47000000001961,-inf
11048,110.48000000001961,-inf
11049,110.49000000001962,-inf
11050,110.50000000001963,-inf
11051,110.51000000001963,-inf
11052,110.52000000001964,-inf
11053,110.53000000001964,-inf
11054,110.54000000001965,-inf
11055,110.55000000001965,-inf
11056,110.56000000001966,-inf
11057,110.57000000001966,-inf
11058,110.58000000001967,-inf
11059,110.59000000001967,-inf
11060,110.60000000001968,-inf
11061,110.61000000001968,-inf
11062,110.62000000001969,-inf
11063,110.63000000001969,-inf
11064,110.6400000000197,-inf
11065,110.6500000000197,-inf
11066,110.6600000000197,-inf
11067,110.67000000001971,-inf
11068,110.68000000001972,-inf
11069,110.69000000001972,-inf
11070,110.70000000001973,-inf
11071,110.71000000001973,-inf
11072,110.72000000001974,-inf
11073,110.73000000001974,-inf
11074,110.74000000001975,-inf
11075,110.75000000001975,-inf
11076,110.76000000001976,-inf
11077,110.77000000001976,-inf
11078,110.78000000001977,-inf
11079,110.79000000001977,-inf
11080,110.80000000001978,-inf
11081,110.81000000001978,-inf
11082,110.82000000001979,-inf
11083,110.8300000000198,-inf
11084,110.8400000000198,-inf
11085,110.8500000000198,-inf
11086,110.86000000001981,-inf
11087,110.87000000001981,-inf
11088,110.88000000001982,-inf
11089,110.89000000001982,-inf
11090,110.90000000001983,-inf
11091,110.91000000001983,-inf
11092,110.92000000001984,-inf
11093,110.93000000001985,-inf
11094,110.94000000001985,-inf
11095,110.95000000001986,-inf
11096,110.96000000001986,-inf
11097,110.97000000001987,-inf
11098,110.98000000001987,-inf
11099,110.99000000001988,-inf
11100,111.00000000001988,-inf
11101,111.01000000001989,-inf
11102,111.02000000001989,-inf
11103,111.0300000000199,-inf
11104,111.0400000000199,-inf
11105,111.0500000000199,-inf
11106,111.06000000001991,-inf
11107,111.07000000001992,-inf
11108,111.08000000001992,-inf
11109,111.09000000001993,-inf
11110,111.10000000001993,-inf
11111,111.11000000001994,-inf
11112,111.12000000001994,-inf
11113,111.13000000001995,-inf
11114,111.14000000001995,-inf
11115,111.15000000001996,-inf
11116,111.16000000001996,-inf
11117,111.17000000001997,-inf
11118,111.18000000001997,-inf
11119,111.19000000001998,-inf
11120,111.20000000001998,-inf
11121,111.21000000001999,-inf
11122,111.22000000002,-inf
11123,111.23000000002,-inf
11124,111.24000000002,-inf
11125,111.25000000002001,-inf
11126,111.26000000002001,-inf
11127,111.27000000002002,-inf
11128,111.28000000002002,-inf
11129,111.29000000002003,-inf
11130,111.30000000002003,-inf
11131,111.31000000002004,-inf
11132,111.32000000002004,-inf
11133,111.33000000002005,-inf
11134,111.34000000002005,-inf
11135,111.35000000002006,-inf
11136,111.36000000002007,-inf
11137,111.37000000002007,-inf
11138,111.38000000002008,-inf
11139,111.39000000002008,-inf
11140,111.40000000002009,-inf
11141,111.41000000002009,-inf
11142,111.4200000000201,-inf
11143,111.4300000000201,-inf
11144,111.4400000000201,-inf
11145,111.45000000002011,-inf
11146,111.46000000002012,-inf
11147,111.47000000002012,-inf
11148,111.48000000002013,-inf
11149,111.49000000002013,-inf
11150,111.50000000002014,-inf
11151,111.51000000002014,-inf
11152,111.52000000002015,-inf
11153,111.53000000002015,-inf
11154,111.54000000002016,-inf
11155,111.55000000002016,-inf
11156,111.56000000002017,-inf
11157,111.57000000002017,-inf
11158,111.58000000002018,-inf
11159,111.59000000002018,-inf
11160,111.60000000002019,-inf
11161,111.6100000000202,-inf
11162,111.6200000000202,-inf
11163,111.6300000000202,-inf
11164,111.64000000002021,-inf
11165,111.65000000002021,-inf
11166,111.66000000002022,-inf
11167,111.67000000002022,-inf
11168,111.68000000002023,-inf
11169,111.69000000002023,-inf
11170,111.70000000002024,-inf
11171,111.71000000002024,-inf
11172,111.72000000002025,-inf
11173,111.73000000002025,-inf
11174,111.74000000002026,-inf
11175,111.75000000002026,-inf
11176,111.76000000002027,-inf
11177,111.77000000002027,-inf
11178,111.78000000002028,-inf
11179,111.79000000002029,-inf
11180,111.80000000002029,-inf
11181,111.8100000000203,-inf
11182,111.8200000000203,-inf
11183,111.8300000000203,-inf
11184,111.84000000002031,-inf
11185,111.85000000002032,-inf
11186,111.86000000002032,-inf
11187,111.87000000002033,-inf
11188,111.88000000002033,-inf
11189,111.89000000002034,-inf
11190,111.90000000002034,-inf
11191,111.91000000002035,-inf
11192,111.92000000002035,-inf
11193,111.93000000002036,-inf
11194,111.94000000002036,-inf
11195,111.95000000002037,-inf
11196,111.96000000002037,-inf
11197,111.97000000002038,-inf
11198,111.98000000002038,-inf
11199,111.99000000002039,-inf
11200,112.00000000002039,-inf
11201,112.0100000000204,-inf
11202,112.0200000000204,-inf
11203,112.03000000002041,-inf
11204,112.04000000002041,-inf
11205,112.05000000002042,-inf
11206,112.06000000002042,-inf
11207,112.07000000002043,-inf
11208,112.08000000002043,-inf
11209,112.09000000002044,-inf
11210,112.10000000002044,-inf
11211,112.11000000002045,-inf
11212,112.12000000002045,-inf
11213,112.13000000002046,-inf
11214,112.14000000002046,-inf
11215,112.15000000002047,-inf
11216,112.16000000002047,-inf
11217,112.17000000002048,-inf
11218,112.18000000002048,-inf
11219,112.19000000002049,-inf
11220,112.2000000000205,-inf
11221,112.2100000000205,-inf
11222,112.2200000000205,-inf
11223,112.23000000002051,-inf
11224,112.24000000002052,-inf
11225,112.25000000002052,-inf
11226,112.26000000002053,-inf
11227,112.27000000002053,-inf
11228,112.28000000002054,-inf
11229,112.29000000002054,-inf
11230,112.30000000002055,-inf
11231,112.31000000002055,-inf
11232,112.32000000002056,-inf
11233,112.33000000002056,-inf
11234,112.34000000002057,-inf
11235,112.35000000002057,-inf
11236,112.36000000002058,-inf
11237,112.37000000002058,-inf
11238,112.38000000002059,-inf
11239,112.39000000002059,-inf
11240,112.4000000000206,-inf
11241,112.4100000000206,-inf
11242,112.42000000002061,-inf
11243,112.43000000002061,-inf
11244,112.44000000002062,-inf
11245,112.45000000002062,-inf
11246,112.46000000002063,-inf
11247,112.47000000002063,-inf
11248,112.48000000002064,-inf
11249,112.49000000002064,-inf
11250,112.50000000002065,-inf
11251,112.51000000002065,-inf
11252,112.52000000002066,-inf
11253,112.53000000002066,-inf
11254,112.54000000002067,-inf
11255,112.55000000002067,-inf
11256,112.56000000002068,-inf
11257,112.57000000002068,-inf
11258,112.58000000002069,-inf
11259,112.5900000000207,-inf
11260,112.6000000000207,-inf
11261,112.6100000000207,-inf
11262,112.62000000002071,-inf
11263,112.63000000002071,-inf
11264,112.64000000002072,-inf
11265,112.65000000002073,-inf
11266,112.66000000002073,-inf
11267,112.67000000002074,-inf
11268,112.68000000002074,-inf
11269,112.69000000002075,-inf
11270,112.70000000002075,-inf
11271,112.71000000002076,-inf
11272,112.72000000002076,-inf
11273,112.73000000002077,-inf
11274,112.74000000002077,-inf
11275,112.75000000002078,-inf
11276,112.76000000002078,-inf
11277,112.77000000002079,-inf
11278,112.78000000002079,-inf
11279,112.7900000000208,-inf
11280,112.8000000000208,-inf
11281,112.8100000000208,-inf
11282,112.82000000002081,-inf
11283,112.83000000002082,-inf
11284,112.84000000002082,-inf
11285,112.85000000002083,-inf
11286,112.86000000002083,-inf
11287,112.87000000002084,-inf
11288,112.88000000002084,-inf
11289,112.89000000002085,-inf
11290,112.90000000002085,-inf
11291,112.91000000002086,-inf
11292,112.92000000002086,-inf
11293,112.93000000002087,-inf
11294,112.94000000002087,-inf
11295,112.95000000002088,-inf
11296,112.96000000002088,-inf
11297,112.97000000002089,-inf
11298,112.9800000000209,-inf
11299,112.9900000000209,-inf
11300,113.0000000000209,-inf
11301,113.01000000002091,-inf
11302,113.02000000002091,-inf
11303,113.03000000002092,-inf
11304,113.04000000002092,-inf
11305,113.05000000002093,-inf
11306,113.06000000002093,-inf
11307,113.07000000002094,-inf
11308,113.08000000002095,-inf
11309,113.09000000002095,-inf
11310,113.10000000002096,-inf
11311,113.11000000002096,-inf
11312,113.12000000002097,-inf
11313,113.13000000002097,-inf
11314,113.14000000002098,-inf
11315,113.15000000002098,-inf
11316,113.16000000002099,-inf
11317,113.17000000002099,-inf
11318,113.180000000021,-inf
11319,113.190000000021,-inf
11320,113.200000000021,-inf
11321,113.21000000002101,-inf
11322,113.22000000002102,-inf
11323,113.23000000002102,-inf
11324,113.24000000002103,-inf
11325,113.25000000002103,-inf
11326,113.26000000002104,-inf
11327,113.27000000002104,-inf
11328,113.28000000002105,-inf
11329,113.29000000002105,-inf
11330,113.30000000002106,-inf
11331,113.31000000002106,-inf
11332,113.32000000002107,-inf
11333,113.33000000002107,-inf
11334,113.34000000002108,-inf
11335,113.35000000002108,-inf
11336,113.36000000002109,-inf
11337,113.3700000000211,-inf
11338,113.3800000000211,-inf
11339,113.3900000000211,-inf
11340,113.40000000002111,-inf
11341,113.41000000002111,-inf
11342,113.42000000002112,-inf
11343,113.43000000002112,-inf
11344,113.44000000002113,-inf
11345,113.45000000002113,-inf
11346,113.46000000002114,-inf
11347,113.47000000002114,-inf
11348,113.48000000002115,-inf
11349,113.49000000002115,-inf
11350,113.50000000002116,-inf
11351,113.51000000002117,-inf
11352,113.52000000002117,-inf
11353,113.53000000002118,-inf
11354,113.54000000002118,-inf
11355,113.55000000002119,-inf
11356,113.56000000002119,-inf
11357,113.5700000000212,-inf
11358,113.5800000000212,-inf
11359,113.5900000000212,-inf
11360,113.60000000002121,-inf
11361,113.61000000002122,-inf
11362,113.62000000002122,-inf
11363,113.63000000002123,-inf
11364,113.64000000002123,-inf
11365,113.65000000002124,-inf
11366,113.66000000002124,-inf
11367,113.67000000002125,-inf
11368,113.68000000002125,-inf
11369,113.69000000002126,-inf
11370,113.70000000002126,-inf
11371,113.71000000002127,-inf
11372,113.72000000002127,-inf
11373,113.73000000002128,-inf
11374,113.74000000002128,-inf
11375,113.75000000002129,-inf
11376,113.7600000000213,-inf
11377,113.7700000000213,-inf
11378,113.7800000000213,-inf
11379,113.79000000002131,-inf
11380,113.80000000002131,-inf
11381,113.81000000002132,-inf
11382,113.82000000002132,-inf
11383,113.83000000002133,-inf
11384,113.84000000002133,-inf
11385,113.85000000002134,-inf
11386,113.86000000002134,-inf
11387,113.87000000002135,-inf
11388,113.88000000002135,-inf
11389,113.89000000002136,-inf
11390,113.90000000002136,-inf
11391,113.91000000002137,-inf
11392,113.92000000002137,-inf
11393,113.93000000002138,-inf
11394,113.94000000002139,-inf
11395,113.95000000002139,-inf
11396,113.9600000000214,-inf
11397,113.9700000000214,-inf
11398,113.9800000000214,-inf
11399,113.99000000002141,-inf
11400,114.00000000002142,-inf
11401,114.01000000002142,-inf
11402,114.02000000002143,-inf
11403,114.03000000002143,-inf
11404,114.04000000002144,-inf
11405,114.05000000002144,-inf
11406,114.06000000002145,-inf
11407,114.07000000002145,-inf
11408,114.08000000002146,-inf
11409,114.09000000002146,-inf
11410,114.10000000002147,-inf
11411,114.11000000002147,-inf
11412,114.12000000002148,-inf
11413,114.13000000002148,-inf
11414,114.14000000002149,-inf
11415,114.15000000002149,-inf
11416,114.1600000000215,-inf
11417,114.1700000000215,-inf
11418,114.18000000002151,-inf
11419,114.19000000002151,-inf
11420,114.20000000002152,-inf
11421,114.21000000002152,-inf
11422,114.22000000002153,-inf
11423,114.23000000002153,-inf
11424,114.24000000002154,-inf
11425,114.25000000002154,-inf
11426,114.26000000002155,-inf
11427,114.27000000002155,-inf
11428,114.28000000002156,-inf
11429,114.29000000002156,-inf
11430,114.30000000002157,-inf
11431,114.31000000002157,-inf
11432,114.32000000002158,-inf
11433,114.33000000002158,-inf
11434,114.34000000002159,-inf
11435,114.3500000000216,-inf
11436,114.3600000000216,-inf
11437,114.3700000000216,-inf
11438,114.38000000002161,-inf
11439,114.39000000002162,-inf
11440,114.40000000002162,-inf
11441,114.41000000002163,-inf
11442,114.42000000002163,-inf
11443,114.43000000002164,-inf
11444,114.44000000002164,-inf
11445,114.45000000002165,-inf
11446,114.46000000002165,-inf
11447,114.47000000002166,-inf
11448,114.48000000002166,-inf
11449,114.49000000002167,-inf
11450,114.50000000002167,-inf
11451,114.51000000002168,-inf
11452,114.52000000002168,-inf
11453,114.53000000002169,-inf
11454,114.54000000002169,-inf
11455,114.5500000000217,-inf
11456,114.5600000000217,-inf
11457,114.57000000002171,-inf
11458,114.58000000002171,-inf
11459,114.59000000002172,-inf
11460,114.60000000002172,-inf
11461,114.61000000002173,-inf
11462,114.62000000002173,-inf
11463,114.63000000002174,-inf
11464,114.64000000002174,-inf
11465,114.65000000002175,-inf
11466,114.66000000002175,-inf
11467,114.67000000002176,-inf
11468,114.68000000002176,-inf
11469,114.69000000002177,-inf
11470,114.70000000002177,-inf
11471,114.71000000002178,-inf
11472,114.72000000002178,-inf
11473,114.73000000002179,-inf
11474,114.7400000000218,-inf
11475,114.7500000000218,-inf
11476,114.7600000000218,-inf
11477,114.77000000002181,-inf
11478,114.78000000002181,-inf
11479,114.79000000002182,-inf
11480,114.80000000002183,-inf
11481,114.81000000002183,-inf
11482,114.82000000002184,-inf
11483,114.83000000002184,-inf
11484,114.84000000002185,-inf
11485,114.85000000002185,-inf
11486,114.86000000002186,-inf
11487,114.87000000002186,-inf
11488,114.88000000002187,-inf
11489,114.89000000002187,-inf
11490,114.90000000002188,-inf
11491,114.91000000002188,-inf
11492,114.92000000002189,-inf
11493,114.93000000002189,-inf
11494,114.9400000000219,-inf
11495,114.9500000000219,-inf
11496,114.9600000000219,-inf
11497,114.97000000002191,-inf
11498,114.98000000002192,-inf
11499,114.99000000002192,-inf
11500,115.00000000002193,-inf
11501,115.01000000002193,-inf
11502,115.02000000002194,-inf
11503,115.03000000002194,-inf
11504,115.04000000002195,-inf
11505,115.05000000002195,-inf
11506,115.06000000002196,-inf
11507,115.07000000002196,-inf
11508,115.08000000002197,-inf
11509,115.09000000002197,-inf
11510,115.10000000002198,-inf
11511,115.11000000002198,-inf
11512,115.12000000002199,-inf
11513,115.130000000022,-inf
11514,115.140000000022,-inf
11515,115.150000000022,-inf
11516,115.16000000002201,-inf
11517,115.17000000002201,-inf
11518,115.18000000002202,-inf
11519,115.19000000002202,-inf
11520,115.20000000002203,-inf
11521,115.21000000002203,-inf
11522,115.22000000002204,-inf
11523,115.23000000002205,-inf
11524,115.24000000002205,-inf
11525,115.25000000002206,-inf
11526,115.26000000002206,-inf
11527,115.27000000002207,-inf
11528,115.28000000002207,-inf
11529,115.29000000002208,-inf
11530,115.30000000002208,-inf
11531,115.31000000002209,-inf
11532,115.32000000002209,-inf
11533,115.3300000000221,-inf
11534,115.3400000000221,-inf
11535,115.3500000000221,-inf
11536,115.36000000002211,-inf
11537,115.37000000002212,-inf
11538,115.38000000002212,-inf
11539,115.39000000002213,-inf
11540,115.40000000002213,-inf
11541,115.41000000002214,-inf
11542,115.42000000002214,-inf
11543,115.43000000002215,-inf
11544,115.44000000002215,-inf
11545,115.45000000002216,-inf
11546,115.46000000002216,-inf
11547,115.47000000002217,-inf
11548,115.48000000002217,-inf
11549,115.49000000002218,-inf
11550,115.50000000002218,-inf
11551,115.51000000002219,-inf
11552,115.5200000000222,-inf
11553,115.5300000000222,-inf
11554,115.5400000000222,-inf
11555,115.55000000002221,-inf
11556,115.56000000002221,-inf
11557,115.57000000002222,-inf
11558,115.58000000002222,-inf
11559,115.59000000002223,-inf
11560,115.60000000002223,-inf
11561,115.61000000002224,-inf
11562,115.62000000002224,-inf
11563,115.63000000002225,-inf
11564,115.64000000002225,-inf
11565,115.65000000002226,-inf
11566,115.66000000002226,-inf
11567,115.67000000002227,-inf
11568,115.68000000002228,-inf
11569,115.69000000002228,-inf
11570,115.70000000002229,-inf
11571,115.71000000002229,-inf
11572,115.7200000000223,-inf
11573,115.7300000000223,-inf
11574,115.7400000000223,-inf
11575,115.75000000002231,-inf
11576,115.76000000002232,-inf
11577,115.77000000002232,-inf
11578,115.78000000002233,-inf
11579,115.79000000002233,-inf
11580,115.80000000002234,-inf
11581,115.81000000002234,-inf
11582,115.82000000002235,-inf
11583,115.83000000002235,-inf
11584,115.84000000002236,-inf
11585,115.85000000002236,-inf
11586,115.86000000002237,-inf
11587,115.87000000002237,-inf
11588,115.88000000002238,-inf
11589,115.89000000002238,-inf
11590,115.90000000002239,-inf
11591,115.9100000000224,-inf
11592,115.9200000000224,-inf
11593,115.9300000000224,-inf
11594,115.94000000002241,-inf
11595,115.95000000002241,-inf
11596,115.96000000002242,-inf
11597,115.97000000002242,-inf
11598,115.98000000002243,-inf
11599,115.99000000002243,-inf
11600,116.00000000002244,-inf
11601,116.01000000002244,-inf
11602,116.02000000002245,-inf
11603,116.03000000002245,-inf
11604,116.04000000002246,-inf
11605,116.05000000002246,-inf
11606,116.06000000002247,-inf
11607,116.07000000002247,-inf
11608,116.08000000002248,-inf
11609,116.09000000002248,-inf
11610,116.10000000002249,-inf
11611,116.1100000000225,-inf
11612,116.1200000000225,-inf
11613,116.1300000000225,-inf
11614,116.14000000002251,-inf
11615,116.15000000002252,-inf
11616,116.16000000002252,-inf
11617,116.17000000002253,-inf
11618,116.18000000002253,-inf
11619,116.19000000002254,-inf
11620,116.20000000002254,-inf
11621,116.21000000002255,-inf
11622,116.22000000002255,-inf
11623,116.23000000002256,-inf
11624,116.24000000002256,-inf
11625,116.25000000002257,-inf
11626,116.26000000002257,-inf
11627,116.27000000002258,-inf
11628,116.28000000002258,-inf
11629,116.29000000002259,-inf
11630,116.30000000002259,-inf
11631,116.3100000000226,-inf
11632,116.3200000000226,-inf
11633,116.33000000002261,-inf
11634,116.34000000002261,-inf
11635,116.35000000002262,-inf
11636,116.36000000002262,-inf
11637,116.37000000002263,-inf
11638,116.38000000002263,-inf
11639,116.39000000002264,-inf
11640,116.40000000002264,-inf
11641,116.41000000002265,-inf
11642,116.42000000002265,-inf
11643,116.43000000002266,-inf
11644,116.44000000002266,-inf
11645,116.45000000002267,-inf
11646,116.46000000002267,-inf
11647,116.47000000002268,-inf
11648,116.48000000002268,-inf
11649,116.49000000002269,-inf
11650,116.5000000000227,-inf
11651,116.5100000000227,-inf
11652,116.5200000000227,-inf
11653,116.53000000002271,-inf
11654,116.54000000002272,-inf
11655,116.55000000002272,-inf
11656,116.56000000002273,-inf
11657,116.57000000002273,-inf
11658,116.58000000002274,-inf
11659,116.59000000002274,-inf
11660,116.60000000002275,-inf
11661,116.61000000002275,-inf
11662,116.62000000002276,-inf
11663,116.63000000002276,-inf
11664,116.64000000002277,-inf
11665,116.65000000002277,-inf
11666,116.66000000002278,-inf
11667,116.67000000002278,-inf
11668,116.68000000002279,-inf
11669,116.69000000002279,-inf
11670,116.7000000000228,-inf
11671,116.7100000000228,-inf
11672,116.72000000002281,-inf
11673,116.73000000002281,-inf
11674,116.74000000002282,-inf
11675,116.75000000002282,-inf
11676,116.76000000002283,-inf
11677,116.77000000002283,-inf
11678,116.78000000002284,-inf
11679,116.79000000002284,-inf
11680,116.80000000002285,-inf
11681,116.81000000002285,-inf
11682,116.82000000002286,-inf
11683,116.83000000002286,-inf
11684,116.84000000002287,-inf
11685,116.85000000002287,-inf
11686,116.86000000002288,-inf
11687,116.87000000002288,-inf
11688,116.88000000002289,-inf
11689,116.8900000000229,-inf
11690,116.9000000000229,-inf
11691,116.9100000000229,-inf
11692,116.92000000002291,-inf
11693,116.93000000002291,-inf
11694,116.94000000002292,-inf
11695,116.95000000002292,-inf
11696,116.96000000002293,-inf
11697,116.97000000002294,-inf
11698,116.98000000002294,-inf
11699,116.99000000002295,-inf
11700,117.00000000002295,-inf
11701,117.01000000002296,-inf
11702,117.02000000002296,-inf
11703,117.03000000002297,-inf
11704,117.04000000002297,-inf
11705,117.05000000002298,-inf
11706,117.06000000002298,-inf
11707,117.07000000002299,-inf
11708,117.08000000002299,-inf
11709,117.090000000023,-inf
11710,117.100000000023,-inf
11711,117.110000000023,-inf
11712,117.12000000002301,-inf
11713,117.13000000002302,-inf
11714,117.14000000002302,-inf
11715,117.15000000002303,-inf
11716,117.16000000002303,-inf
11717,117.17000000002304,-inf
11718,117.18000000002304,-inf
11719,117.19000000002305,-inf
11720,117.20000000002305,-inf
11721,117.21000000002306,-inf
11722,117.22000000002306,-inf
11723,117.23000000002307,-inf
11724,117.24000000002307,-inf
11725,117.25000000002308,-inf
11726,117.26000000002308,-inf
11727,117.27000000002309,-inf
11728,117.2800000000231,-inf
11729,117.2900000000231,-inf
11730,117.3000000000231,-inf
11731,117.31000000002311,-inf
11732,117.32000000002311,-inf
11733,117.33000000002312,-inf
11734,117.34000000002312,-inf
11735,117.35000000002313,-inf
11736,117.36000000002313,-inf
11737,117.37000000002314,-inf
11738,117.38000000002314,-inf
11739,117.39000000002315,-inf
11740,117.40000000002316,-inf
11741,117.41000000002316,-inf
11742,117.42000000002317,-inf
11743,117.43000000002317,-inf
11744,117.44000000002318,-inf
11745,117.45000000002318,-inf
11746,117.46000000002319,-inf
11747,117.47000000002319,-inf
11748,117.4800000000232,-inf
11749,117.4900000000232,-inf
11750,117.5000000000232,-inf
11751,117.51000000002321,-inf
11752,117.52000000002322,-inf
11753,117.53000000002322,-inf
11754,117.54000000002323,-inf
11755,117.55000000002323,-inf
11756,117.56000000002324,-inf
11757,117.57000000002324,-inf
11758,117.58000000002325,-inf
11759,117.59000000002325,-inf
11760,117.60000000002326,-inf
11761,117.61000000002326,-inf
11762,117.62000000002327,-inf
11763,117.63000000002327,-inf
11764,117.64000000002328,-inf
11765,117.65000000002328,-inf
11766,117.66000000002329,-inf
11767,117.6700000000233,-inf
11768,117.6800000000233,-inf
11769,117.6900000000233,-inf
11770,117.70000000002331,-inf
11771,117.71000000002331,-inf
11772,117.72000000002332,-inf
11773,117.73000000002332,-inf
11774,117.74000000002333,-inf
11775,117.75000000002333,-inf
11776,117.76000000002334,-inf
11777,117.77000000002334,-inf
11778,117.78000000002335,-inf
11779,117.79000000002335,-inf
11780,117.80000000002336,-inf
11781,117.81000000002336,-inf
11782,117.82000000002337,-inf
11783,117.83000000002338,-inf
11784,117.84000000002338,-inf
11785,117.85000000002339,-inf
11786,117.86000000002339,-inf
11787,117.8700000000234,-inf
11788,117.8800000000234,-inf
11789,117.8900000000234,-inf
11790,117.90000000002341,-inf
11791,117.91000000002342,-inf
11792,117.92000000002342,-inf
11793,117.93000000002343,-inf
11794,117.94000000002343,-inf
11795,117.95000000002344,-inf
11796,117.96000000002344,-inf
11797,117.97000000002345,-inf
11798,117.98000000002345,-inf
11799,117.99000000002346,-inf
11800,118.00000000002346,-inf
11801,118.01000000002347,-inf
11802,118.02000000002347,-inf
11803,118.03000000002348,-inf
11804,118.04000000002348,-inf
11805,118.05000000002349,-inf
11806,118.06000000002349,-inf
11807,118.0700000000235,-inf
11808,118.0800000000235,-inf
11809,118.09000000002351,-inf
11810,118.10000000002351,-inf
11811,118.11000000002352,-inf
11812,118.12000000002352,-inf
11813,118.13000000002353,-inf
11814,118.14000000002353,-inf
11815,118.15000000002354,-inf
11816,118.16000000002354,-inf
11817,118.17000000002355,-inf
11818,118.18000000002355,-inf
11819,118.19000000002356,-inf
11820,118.20000000002356,-inf
11821,118.21000000002357,-inf
11822,118.22000000002357,-inf
11823,118.23000000002358,-inf
11824,118.24000000002358,-inf
11825,118.25000000002359,-inf
11826,118.2600000000236,-inf
11827,118.2700000000236,-inf
11828,118.2800000000236,-inf
11829,118.29000000002361,-inf
11830,118.30000000002362,-inf
11831,118.31000000002362,-inf
11832,118.32000000002363,-inf
11833,118.33000000002363,-inf
11834,118.34000000002364,-inf
11835,118.35000000002364,-inf
11836,118.36000000002365,-inf
11837,118.37000000002365,-inf
11838,118.38000000002366,-inf
11839,118.39000000002366,-inf
11840,118.40000000002367,-inf
11841,118.41000000002367,-inf
11842,118.42000000002368,-inf
11843,118.43000000002368,-inf
11844,118.44000000002369,-inf
11845,118.45000000002369,-inf
11846,118.4600000000237,-inf
11847,118.4700000000237,-inf
11848,118.48000000002371,-inf
11849,118.49000000002371,-inf
11850,118.50000000002372,-inf
11851,118.51000000002372,-inf
11852,118.52000000002373,-inf
11853,118.53000000002373,-inf
11854,118.54000000002374,-inf
11855,118.55000000002374,-inf
11856,118.56000000002375,-inf
11857,118.57000000002375,-inf
11858,118.58000000002376,-inf
11859,118.59000000002376,-inf
11860,118.60000000002377,-inf
11861,118.61000000002377,-inf
11862,118.62000000002378,-inf
11863,118.63000000002378,-inf
11864,118.64000000002379,-inf
11865,118.6500000000238,-inf
11866,118.6600000000238,-inf
11867,118.6700000000238,-inf
11868,118.68000000002381,-inf
11869,118.69000000002382,-inf
11870,118.70000000002382,-inf
11871,118.71000000002383,-inf
11872,118.72000000002383,-inf
11873,118.73000000002384,-inf
11874,118.74000000002384,-inf
11875,118.75000000002385,-inf
11876,118.76000000002385,-inf
11877,118.77000000002386,-inf
11878,118.78000000002386,-inf
11879,118.79000000002387,-inf
11880,118.80000000002387,-inf
11881,118.81000000002388,-inf
11882,118.82000000002388,-inf
11883,118.83000000002389,-inf
11884,118.84000000002389,-inf
11885,118.8500000000239,-inf
11886,118.8600000000239,-inf
11887,118.87000000002391,-inf
11888,118.88000000002391,-inf
11889,118.89000000002392,-inf
11890,118.90000000002392,-inf
11891,118.91000000002393,-inf
11892,118.92000000002393,-inf
11893,118.93000000002394,-inf
11894,118.94000000002394,-inf
11895,118.95000000002395,-inf
11896,118.96000000002395,-inf
11897,118.97000000002396,-inf
11898,118.98000000002396,-inf
11899,118.99000000002397,-inf
11900,119.00000000002397,-inf
11901,119.01000000002398,-inf
11902,119.02000000002398,-inf
11903,119.03000000002399,-inf
11904,119.040000000024,-inf
11905,119.050000000024,-inf
11906,119.060000000024,-inf
11907,119.07000000002401,-inf
11908,119.08000000002401,-inf
11909,119.09000000002402,-inf
11910,119.10000000002402,-inf
11911,119.11000000002403,-inf
11912,119.12000000002404,-inf
11913,119.13000000002404,-inf
11914,119.14000000002405,-inf
11915,119.15000000002405,-inf
11916,119.16000000002406,-inf
11917,119.17000000002406,-inf
11918,119.18000000002407,-inf
11919,119.19000000002407,-inf
11920,119.20000000002408,-inf
11921,119.21000000002408,-inf
11922,119.22000000002409,-inf
11923,119.23000000002409,-inf
11924,119.2400000000241,-inf
11925,119.2500000000241,-inf
11926,119.2600000000241,-inf
11927,119.27000000002411,-inf
11928,119.28000000002412,-inf
11929,119.29000000002412,-inf
11930,119.30000000002413,-inf
11931,119.31000000002413,-inf
11932,119.32000000002414,-inf
11933,119.33000000002414,-inf
11934,119.34000000002415,-inf
11935,119.35000000002415,-inf
11936,119.36000000002416,-inf
11937,119.37000000002416,-inf
11938,119.38000000002417,-inf
11939,119.39000000002417,-inf
11940,119.40000000002418,-inf
11941,119.41000000002418,-inf
11942,119.42000000002419,-inf
11943,119.4300000000242,-inf
11944,119.4400000000242,-inf
11945,119.4500000000242,-inf
11946,119.46000000002421,-inf
11947,119.47000000002421,-inf
11948,119.48000000002422,-inf
11949,119.49000000002422,-inf
11950,119.50000000002423,-inf
11951,119.51000000002423,-inf
11952,119.52000000002424,-inf
11953,119.53000000002424,-inf
11954,119.54000000002425,-inf
11955,119.55000000002426,-inf
11956,119.56000000002426,-inf
11957,119.57000000002427,-inf
11958,119.58000000002427,-inf
11959,119.59000000002428,-inf
11960,119.60000000002428,-inf
11961,119.61000000002429,-inf
11962,119.62000000002429,-inf
11963,119.6300000000243,-inf
11964,119.6400000000243,-inf
11965,119.6500000000243,-inf
11966,119.66000000002431,-inf
11967,119.67000000002432,-inf
11968,119.68000000002432,-inf
11969,119.69000000002433,-inf
11970,119.70000000002433,-inf
11971,119.71000000002434,-inf
11972,119.72000000002434,-inf
11973,119.73000000002435,-inf
11974,119.74000000002435,-inf
11975,119.75000000002436,-inf
11976,119.76000000002436,-inf
11977,119.77000000002437,-inf
11978,119.78000000002437,-inf
11979,119.79000000002438,-inf
11980,119.80000000002438,-inf
11981,119.81000000002439,-inf
11982,119.8200000000244,-inf
11983,119.8300000000244,-inf
11984,119.8400000000244,-inf
11985,119.85000000002441,-inf
11986,119.86000000002441,-inf
11987,119.87000000002442,-inf
11988,119.88000000002442,-inf
11989,119.89000000002443,-inf
11990,119.90000000002443,-inf
11991,119.91000000002444,-inf
11992,119.92000000002444,-inf
11993,119.93000000002445,-inf
11994,119.94000000002445,-inf
11995,119.95000000002446,-inf
11996,119.96000000002446,-inf
11997,119.97000000002447,-inf
11998,119.98000000002448,-inf
11999,119.99000000002448,-inf
12000,120.00000000002449,-inf
12001,120.01000000002449,-inf
12002,120.0200000000245,-inf
12003,120.0300000000245,-inf
12004,120.0400000000245,-inf
12005,120.05000000002451,-inf
12006,120.06000000002452,-inf
12007,120.07000000002452,-inf
12008,120.08000000002453,-inf
12009,120.09000000002453,-inf
12010,120.10000000002454,-inf
12011,120.11000000002454,-inf
12012,120.12000000002455,-inf
12013,120.13000000002455,-inf
12014,120.14000000002456,-inf
12015,120.15000000002456,-inf
12016,120.16000000002457,-inf
12017,120.17000000002457,-inf
12018,120.18000000002458,-inf
12019,120.19000000002458,-inf
12020,120.20000000002459,-inf
12021,120.21000000002459,-inf
12022,120.2200000000246,-inf
12023,120.2300000000246,-inf
12024,120.24000000002461,-inf
12025,120.25000000002461,-inf
12026,120.26000000002462,-inf
12027,120.27000000002462,-inf
12028,120.28000000002463,-inf
12029,120.29000000002463,-inf
12030,120.30000000002464,-inf
12031,120.31000000002464,-inf
12032,120.32000000002465,-inf
12033,120.33000000002465,-inf
12034,120.34000000002466,-inf
12035,120.35000000002466,-inf
12036,120.36000000002467,-inf
12037,120.37000000002467,-inf
12038,120.38000000002468,-inf
12039,120.39000000002468,-inf
12040,120.40000000002469,-inf
12041,120.4100000000247,-inf
12042,120.4200000000247,-inf
12043,120.4300000000247,-inf
12044,120.44000000002471,-inf
12045,120.45000000002472,-inf
12046,120.46000000002472,-inf
12047,120.47000000002473,-inf
12048,120.48000000002473,-inf
12049,120.49000000002474,-inf
12050,120.50000000002474,-inf
12051,120.51000000002475,-inf
12052,120.52000000002475,-inf
12053,120.53000000002476,-inf
12054,120.54000000002476,-inf
12055,120.55000000002477,-inf
12056,120.56000000002477,-inf
12057,120.57000000002478,-inf
12058,120.58000000002478,-inf
12059,120.59000000002479,-inf
12060,120.60000000002479,-inf
12061,120.6100000000248,-inf
12062,120.6200000000248,-inf
12063,120.63000000002481,-inf
12064,120.64000000002481,-inf
12065,120.65000000002482,-inf
12066,120.66000000002482,-inf
12067,120.67000000002483,-inf
12068,120.68000000002483,-inf
12069,120.69000000002484,-inf
12070,120.70000000002484,-inf
12071,120.71000000002485,-inf
12072,120.72000000002485,-inf
12073,120.73000000002486,-inf
12074,120.74000000002486,-inf
12075,120.75000000002487,-inf
12076,120.76000000002487,-inf
12077,120.77000000002488,-inf
12078,120.78000000002488,-inf
12079,120.79000000002489,-inf
12080,120.8000000000249,-inf
12081,120.8100000000249,-inf
12082,120.8200000000249,-inf
12083,120.83000000002491,-inf
12084,120.84000000002492,-inf
12085,120.85000000002492,-inf
12086,120.86000000002493,-inf
12087,120.87000000002493,-inf
12088,120.88000000002494,-inf
12089,120.89000000002494,-inf
12090,120.90000000002495,-inf
12091,120.91000000002495,-inf
12092,120.92000000002496,-inf
12093,120.93000000002496,-inf
12094,120.94000000002497,-inf
12095,120.95000000002497,-inf
12096,120.96000000002498,-inf
12097,120.97000000002498,-inf
12098,120.98000000002499,-inf
12099,120.99000000002499,-inf
12100,121.000000000025,-inf
12101,121.010000000025,-inf
12102,121.02000000002501,-inf
12103,121.03000000002501,-inf
12104,121.04000000002502,-inf
12105,121.05000000002502,-inf
12106,121.06000000002503,-inf
12107,121.07000000002503,-inf
12108,121.08000000002504,-inf
12109,121.09000000002504,-inf
12110,121.10000000002505,-inf
12111,121.11000000002505,-inf
12112,121.12000000002506,-inf
12113,121.13000000002506,-inf
12114,121.14000000002507,-inf
12115,121.15000000002507,-inf
12116,121.16000000002508,-inf
12117,121.17000000002508,-inf
12118,121.18000000002509,-inf
12119,121.1900000000251,-inf
12120,121.2000000000251,-inf
12121,121.2100000000251,-inf
12122,121.22000000002511,-inf
12123,121.23000000002511,-inf
12124,121.24000000002512,-inf
12125,121.25000000002512,-inf
12126,121.26000000002513,-inf
12127,121.27000000002514,-inf
12128,121.28000000002514,-inf
12129,121.29000000002515,-inf
12130,121.30000000002515,-inf
12131,121.31000000002516,-inf
12132,121.32000000002516,-inf
12133,121.33000000002517,-inf
12134,121.34000000002517,-inf
12135,121.35000000002518,-inf
12136,121.36000000002518,-inf
12137,121.37000000002519,-inf
12138,121.38000000002519,-inf
12139,121.3900000000252,-inf
12140,121.4000000000252,-inf
12141,121.4100000000252,-inf
12142,121.42000000002521,-inf
12143,121.43000000002522,-inf
12144,121.44000000002522,-inf
12145,121.45000000002523,-inf
12146,121.46000000002523,-inf
12147,121.47000000002524,-inf
12148,121.48000000002524,-inf
12149,121.49000000002525,-inf
12150,121.50000000002525,-inf
12151,121.51000000002526,-inf
12152,121.52000000002526,-inf
12153,121.53000000002527,-inf
12154,121.54000000002527,-inf
12155,121.55000000002528,-inf
12156,121.56000000002528,-inf
12157,121.57000000002529,-inf
12158,121.5800000000253,-inf
12159,121.5900000000253,-inf
12160,121.6000000000253,-inf
12161,121.61000000002531,-inf
12162,121.62000000002531,-inf
12163,121.63000000002532,-inf
12164,121.64000000002532,-inf
12165,121.65000000002533,-inf
12166,121.66000000002533,-inf
12167,121.67000000002534,-inf
12168,121.68000000002534,-inf
12169,121.69000000002535,-inf
12170,121.70000000002536,-inf
12171,121.71000000002536,-inf
12172,121.72000000002537,-inf
12173,121.73000000002537,-inf
12174,121.74000000002538,-inf
12175,121.75000000002538,-inf
12176,121.76000000002539,-inf
12177,121.77000000002539,-inf
12178,121.7800000000254,-inf
12179,121.7900000000254,-inf
12180,121.8000000000254,-inf
12181,121.81000000002541,-inf
12182,121.82000000002542,-inf
12183,121.83000000002542,-inf
12184,121.84000000002543,-inf
12185,121.85000000002543,-inf
12186,121.86000000002544,-inf
12187,121.87000000002544,-inf
12188,121.88000000002545,-inf
12189,121.89000000002545,-inf
12190,121.90000000002546,-inf
12191,121.91000000002546,-inf
12192,121.92000000002547,-inf
12193,121.93000000002547,-inf
12194,121.94000000002548,-inf
12195,121.95000000002548,-inf
12196,121.96000000002549,-inf
12197,121.9700000000255,-inf
12198,121.9800000000255,-inf
12199,121.9900000000255,-inf
12200,122.00000000002551,-inf
12201,122.01000000002551,-inf
12202,122.02000000002552,-inf
12203,122.03000000002552,-inf
12204,122.04000000002553,-inf
12205,122.05000000002553,-inf
12206,122.06000000002554,-inf
12207,122.07000000002554,-inf
12208,122.08000000002555,-inf
12209,122.09000000002555,-inf
12210,122.10000000002556,-inf
12211,122.11000000002556,-inf
12212,122.12000000002557,-inf
12213,122.13000000002557,-inf
12214,122.14000000002558,-inf
12215,122.15000000002559,-inf
12216,122.16000000002559,-inf
12217,122.1700000000256,-inf
12218,122.1800000000256,-inf
12219,122.1900000000256,-inf
12220,122.20000000002561,-inf
12221,122.21000000002562,-inf
12222,122.22000000002562,-inf
12223,122.23000000002563,-inf
12224,122.24000000002563,-inf
12225,122.25000000002564,-inf
12226,122.26000000002564,-inf
12227,122.27000000002565,-inf
12228,122.28000000002565,-inf
12229,122.29000000002566,-inf
12230,122.30000000002566,-inf
12231,122.31000000002567,-inf
12232,122.32000000002567,-inf
12233,122.33000000002568,-inf
12234,122.34000000002568,-inf
12235,122.35000000002569,-inf
12236,122.36000000002569,-inf
12237,122.3700000000257,-inf
12238,122.3800000000257,-inf
12239,122.39000000002571,-inf
12240,122.40000000002571,-inf
12241,122.41000000002572,-inf
12242,122.42000000002572,-inf
12243,122.43000000002573,-inf
12244,122.44000000002573,-inf
12245,122.45000000002574,-inf
12246,122.46000000002574,-inf
12247,122.47000000002575,-inf
12248,122.48000000002575,-inf
12249,122.49000000002576,-inf
12250,122.50000000002576,-inf
12251,122.51000000002577,-inf
12252,122.52000000002577,-inf
12253,122.53000000002578,-inf
12254,122.54000000002578,-inf
12255,122.55000000002579,-inf
12256,122.5600000000258,-inf
12257,122.5700000000258,-inf
12258,122.5800000000258,-inf
12259,122.59000000002581,-inf
12260,122.60000000002582,-inf
12261,122.61000000002582,-inf
12262,122.62000000002583,-inf
12263,122.63000000002583,-inf
12264,122.64000000002584,-inf
12265,122.65000000002584,-inf
12266,122.66000000002585,-inf
12267,122.67000000002585,-inf
12268,122.68000000002586,-inf
12269,122.69000000002586,-inf
12270,122.70000000002587,-inf
12271,122.71000000002587,-inf
12272,122.72000000002588,-inf
12273,122.73000000002588,-inf
12274,122.74000000002589,-inf
12275,122.75000000002589,-inf
12276,122.7600000000259,-inf
12277,122.7700000000259,-inf
12278,122.78000000002591,-inf
12279,122.79000000002591,-inf
12280,122.80000000002592,-inf
12281,122.81000000002592,-inf
12282,122.82000000002593,-inf
12283,122.83000000002593,-inf
12284,122.84000000002594,-inf
12285,122.85000000002594,-inf
12286,122.86000000002595,-inf
12287,122.87000000002595,-inf
12288,122.88000000002596,-inf
12289,122.89000000002596,-inf
12290,122.90000000002597,-inf
12291,122.91000000002597,-inf
12292,122.92000000002598,-inf
12293,122.93000000002598,-inf
12294,122.94000000002599,-inf
12295,122.950000000026,-inf
12296,122.960000000026,-inf
12297,122.970000000026,-inf
12298,122.98000000002601,-inf
12299,122.99000000002601,-inf
12300,123.00000000002602,-inf
12301,123.01000000002603,-inf
12302,123.02000000002603,-inf
12303,123.03000000002604,-inf
12304,123.04000000002604,-inf
12305,123.05000000002605,-inf
12306,123.06000000002605,-inf
12307,123.07000000002606,-inf
12308,123.08000000002606,-inf
12309,123.09000000002607,-inf
12310,123.10000000002607,-inf
12311,123.11000000002608,-inf
12312,123.12000000002608,-inf
12313,123.13000000002609,-inf
12314,123.14000000002609,-inf
12315,123.1500000000261,-inf
12316,123.1600000000261,-inf
12317,123.1700000000261,-inf
12318,123.18000000002611,-inf
12319,123.19000000002612,-inf
12320,123.20000000002612,-inf
12321,123.21000000002613,-inf
12322,123.22000000002613,-inf
12323,123.23000000002614,-inf
12324,123.24000000002614,-inf
12325,123.25000000002615,-inf
12326,123.26000000002615,-inf
12327,123.27000000002616,-inf
12328,123.28000000002616,-inf
12329,123.29000000002617,-inf
12330,123.30000000002617,-inf
12331,123.31000000002618,-inf
12332,123.32000000002618,-inf
12333,123.33000000002619,-inf
12334,123.3400000000262,-inf
12335,123.3500000000262,-inf
12336,123.3600000000262,-inf
12337,123.37000000002621,-inf
12338,123.38000000002621,-inf
12339,123.39000000002622,-inf
12340,123.40000000002622,-inf
12341,123.41000000002623,-inf
12342,123.42000000002623,-inf
12343,123.43000000002624,-inf
12344,123.44000000002625,-inf
12345,123.45000000002625,-inf
12346,123.46000000002626,-inf
12347,123.47000000002626,-inf
12348,123.48000000002627,-inf
12349,123.49000000002627,-inf
12350,123.50000000002628,-inf
12351,123.51000000002628,-inf
12352,123.52000000002629,-inf
12353,123.53000000002629,-inf
12354,123.5400000000263,-inf
12355,123.5500000000263,-inf
12356,123.5600000000263,-inf
12357,123.57000000002631,-inf
12358,123.58000000002632,-inf
12359,123.59000000002632,-inf
12360,123.60000000002633,-inf
12361,123.61000000002633,-inf
12362,123.62000000002634,-inf
12363,123.63000000002634,-inf
12364,123.64000000002635,-inf
12365,123.65000000002635,-inf
12366,123.66000000002636,-inf
12367,123.67000000002636,-inf
12368,123.68000000002637,-inf
12369,123.69000000002637,-inf
12370,123.70000000002638,-inf
12371,123.71000000002638,-inf
12372,123.72000000002639,-inf
12373,123.7300000000264,-inf
12374,123.7400000000264,-inf
12375,123.7500000000264,-inf
12376,123.76000000002641,-inf
12377,123.77000000002641,-inf
12378,123.78000000002642,-inf
12379,123.79000000002642,-inf
12380,123.80000000002643,-inf
12381,123.81000000002643,-inf
12382,123.82000000002644,-inf
12383,123.83000000002644,-inf
12384,123.84000000002645,-inf
12385,123.85000000002645,-inf
12386,123.86000000002646,-inf
12387,123.87000000002647,-inf
12388,123.88000000002647,-inf
12389,123.89000000002648,-inf
12390,123.90000000002648,-inf
12391,123.91000000002649,-inf
12392,123.92000000002649,-inf
12393,123.9300000000265,-inf
12394,123.9400000000265,-inf
12395,123.9500000000265,-inf
12396,123.96000000002651,-inf
12397,123.97000000002652,-inf
12398,123.98000000002652,-inf
12399,123.99000000002653,-inf
12400,124.00000000002653,-inf
12401,124.01000000002654,-inf
12402,124.02000000002654,-inf
12403,124.03000000002655,-inf
12404,124.04000000002655,-inf
12405,124.05000000002656,-inf
12406,124.06000000002656,-inf
12407,124.07000000002657,-inf
12408,124.08000000002657,-inf
12409,124.09000000002658,-inf
12410,124.10000000002658,-inf
12411,124.11000000002659,-inf
12412,124.1200000000266,-inf
12413,124.1300000000266,-inf
12414,124.1400000000266,-inf
12415,124.15000000002661,-inf
12416,124.16000000002661,-inf
12417,124.17000000002662,-inf
12418,124.18000000002662,-inf
12419,124.19000000002663,-inf
12420,124.20000000002663,-inf
12421,124.21000000002664,-inf
12422,124.22000000002664,-inf
12423,124.23000000002665,-inf
12424,124.24000000002665,-inf
12425,124.25000000002666,-inf
12426,124.26000000002666,-inf
12427,124.27000000002667,-inf
12428,124.28000000002667,-inf
12429,124.29000000002668,-inf
12430,124.30000000002669,-inf
12431,124.31000000002669,-inf
12432,124.3200000000267,-inf
12433,124.3300000000267,-inf
12434,124.3400000000267,-inf
12435,124.35000000002671,-inf
12436,124.36000000002672,-inf
12437,124.37000000002672,-inf
12438,124.38000000002673,-inf
12439,124.39000000002673,-inf
12440,124.40000000002674,-inf
12441,124.41000000002674,-inf
12442,124.42000000002675,-inf
12443,124.43000000002675,-inf
12444,124.44000000002676,-inf
12445,124.45000000002676,-inf
12446,124.46000000002677,-inf
12447,124.47000000002677,-inf
12448,124.48000000002678,-inf
12449,124.49000000002678,-inf
12450,124.50000000002679,-inf
12451,124.51000000002679,-inf
12452,124.5200000000268,-inf
12453,124.5300000000268,-inf
12454,124.54000000002681,-inf
12455,124.55000000002681,-inf
12456,124.56000000002682,-inf
12457,124.57000000002682,-inf
12458,124.58000000002683,-inf
12459,124.59000000002683,-inf
12460,124.60000000002684,-inf
12461,124.61000000002684,-inf
12462,124.62000000002685,-inf
12463,124.63000000002685,-inf
12464,124.64000000002686,-inf
12465,124.65000000002686,-inf
12466,124.66000000002687,-inf
12467,124.67000000002687,-inf
12468,124.68000000002688,-inf
12469,124.69000000002688,-inf
12470,124.70000000002689,-inf
12471,124.7100000000269,-inf
12472,124.7200000000269,-inf
12473,124.7300000000269,-inf
12474,124.74000000002691,-inf
12475,124.75000000002692,-inf
12476,124.76000000002692,-inf
12477,124.77000000002693,-inf
12478,124.78000000002693,-inf
12479,124.79000000002694,-inf
12480,124.80000000002694,-inf
12481,124.81000000002695,-inf
12482,124.82000000002695,-inf
12483,124.83000000002696,-inf
12484,124.84000000002696,-inf
12485,124.85000000002697,-inf
12486,124.86000000002697,-inf
12487,124.87000000002698,-inf
12488,124.88000000002698,-inf
12489,124.89000000002699,-inf
12490,124.90000000002699,-inf
12491,124.910000000027,-inf
12492,124.920000000027,-inf
12493,124.93000000002701,-inf
12494,124.94000000002701,-inf
12495,124.95000000002702,-inf
12496,124.96000000002702,-inf
12497,124.97000000002703,-inf
12498,124.98000000002703,-inf
12499,124.99000000002704,-inf
12500,125.00000000002704,-inf
12501,125.01000000002705,-inf
12502,125.02000000002705,-inf
12503,125.03000000002706,-inf
12504,125.04000000002706,-inf
12505,125.05000000002707,-inf
12506,125.06000000002707,-inf
12507,125.07000000002708,-inf
12508,125.08000000002708,-inf
12509,125.09000000002709,-inf
12510,125.1000000000271,-inf
12511,125.1100000000271,-inf
12512,125.1200000000271,-inf
12513,125.13000000002711,-inf
12514,125.14000000002711,-inf
12515,125.15000000002712,-inf
12516,125.16000000002713,-inf
12517,125.17000000002713,-inf
12518,125.18000000002714,-inf
12519,125.19000000002714,-inf
12520,125.20000000002715,-inf
12521,125.21000000002715,-inf
12522,125.22000000002716,-inf
12523,125.23000000002716,-inf
12524,125.24000000002717,-inf
12525,125.25000000002717,-inf
12526,125.26000000002718,-inf
12527,125.27000000002718,-inf
12528,125.28000000002719,-inf
12529,125.29000000002719,-inf
12530,125.3000000000272,-inf
12531,125.3100000000272,-inf
12532,125.3200000000272,-inf
12533,125.33000000002721,-inf
12534,125.34000000002722,-inf
12535,125.35000000002722,-inf
12536,125.36000000002723,-inf
12537,125.37000000002723,-inf
12538,125.38000000002724,-inf
12539,125.39000000002724,-inf
12540,125.40000000002725,-inf
12541,125.41000000002725,-inf
12542,125.42000000002726,-inf
12543,125.43000000002726,-inf
12544,125.44000000002727,-inf
12545,125.45000000002727,-inf
12546,125.46000000002728,-inf
12547,125.47000000002728,-inf
12548,125.48000000002729,-inf
12549,125.4900000000273,-inf
12550,125.5000000000273,-inf
12551,125.5100000000273,-inf
12552,125.52000000002731,-inf
12553,125.53000000002731,-inf
12554,125.54000000002732,-inf
12555,125.55000000002732,-inf
12556,125.56000000002733,-inf
12557,125.57000000002733,-inf
12558,125.58000000002734,-inf
12559,125.59000000002735,-inf
12560,125.60000000002735,-inf
12561,125.61000000002736,-inf
12562,125.62000000002736,-inf
12563,125.63000000002737,-inf
12564,125.64000000002737,-inf
12565,125.65000000002738,-inf
12566,125.66000000002738,-inf
12567,125.67000000002739,-inf
12568,125.68000000002739,-inf
12569,125.6900000000274,-inf
12570,125.7000000000274,-inf
12571,125.7100000000274,-inf
12572,125.72000000002741,-inf
12573,125.73000000002742,-inf
12574,125.74000000002742,-inf
12575,125.75000000002743,-inf
12576,125.76000000002743,-inf
12577,125.77000000002744,-inf
12578,125.78000000002744,-inf
12579,125.79000000002745,-inf
12580,125.80000000002745,-inf
12581,125.81000000002746,-inf
12582,125.82000000002746,-inf
12583,125.83000000002747,-inf
12584,125.84000000002747,-inf
12585,125.85000000002748,-inf
12586,125.86000000002748,-inf
12587,125.87000000002749,-inf
12588,125.8800000000275,-inf
12589,125.8900000000275,-inf
12590,125.9000000000275,-inf
12591,125.91000000002751,-inf
12592,125.92000000002751,-inf
12593,125.93000000002752,-inf
12594,125.94000000002752,-inf
12595,125.95000000002753,-inf
12596,125.96000000002753,-inf
12597,125.97000000002754,-inf
12598,125.98000000002754,-inf
12599,125.99000000002755,-inf
12600,126.00000000002755,-inf
12601,126.01000000002756,-inf
12602,126.02000000002757,-inf
12603,126.03000000002757,-inf
12604,126.04000000002758,-inf
12605,126.05000000002758,-inf
12606,126.06000000002759,-inf
12607,126.07000000002759,-inf
12608,126.0800000000276,-inf
12609,126.0900000000276,-inf
12610,126.1000000000276,-inf
12611,126.11000000002761,-inf
12612,126.12000000002762,-inf
12613,126.13000000002762,-inf
12614,126.14000000002763,-inf
12615,126.15000000002763,-inf
12616,126.16000000002764,-inf
12617,126.17000000002764,-inf
12618,126.18000000002765,-inf
12619,126.19000000002765,-inf
12620,126.20000000002766,-inf
12621,126.21000000002766,-inf
12622,126.22000000002767,-inf
12623,126.23000000002767,-inf
12624,126.24000000002768,-inf
12625,126.25000000002768,-inf
12626,126.26000000002769,-inf
12627,126.2700000000277,-inf
12628,126.2800000000277,-inf
12629,126.2900000000277,-inf
12630,126.30000000002771,-inf
12631,126.31000000002771,-inf
12632,126.32000000002772,-inf
12633,126.33000000002772,-inf
12634,126.34000000002773,-inf
12635,126.35000000002773,-inf
12636,126.36000000002774,-inf
12637,126.37000000002774,-inf
12638,126.38000000002775,-inf
12639,126.39000000002775,-inf
12640,126.40000000002776,-inf
12641,126.41000000002776,-inf
12642,126.42000000002777,-inf
12643,126.43000000002777,-inf
12644,126.44000000002778,-inf
12645,126.45000000002779,-inf
12646,126.46000000002779,-inf
12647,126.4700000000278,-inf
12648,126.4800000000278,-inf
12649,126.4900000000278,-inf
12650,126.50000000002781,-inf
12651,126.51000000002782,-inf
12652,126.52000000002782,-inf
12653,126.53000000002783,-inf
12654,126.54000000002783,-inf
12655,126.55000000002784,-inf
12656,126.56000000002784,-inf
12657,126.57000000002785,-inf
12658,126.58000000002785,-inf
12659,126.59000000002786,-inf
12660,126.60000000002786,-inf
12661,126.61000000002787,-inf
12662,126.62000000002787,-inf
12663,126.63000000002788,-inf
12664,126.64000000002788,-inf
12665,126.65000000002789,-inf
12666,126.66000000002789,-inf
12667,126.6700000000279,-inf
12668,126.6800000000279,-inf
12669,126.69000000002791,-inf
12670,126.70000000002791,-inf
12671,126.71000000002792,-inf
12672,126.72000000002792,-inf
12673,126.73000000002793,-inf
12674,126.74000000002793,-inf
12675,126.75000000002794,-inf
12676,126.76000000002794,-inf
12677,126.77000000002795,-inf
12678,126.78000000002795,-inf
12679,126.79000000002796,-inf
12680,126.80000000002796,-inf
12681,126.81000000002797,-inf
12682,126.82000000002797,-inf
12683,126.83000000002798,-inf
12684,126.84000000002798,-inf
12685,126.85000000002799,-inf
12686,126.860000000028,-inf
12687,126.870000000028,-inf
12688,126.880000000028,-inf
12689,126.89000000002801,-inf
12690,126.90000000002802,-inf
12691,126.91000000002802,-inf
12692,126.92000000002803,-inf
12693,126.93000000002803,-inf
12694,126.94000000002804,-inf
12695,126.95000000002804,-inf
12696,126.96000000002805,-inf
12697,126.97000000002805,-inf
12698,126.98000000002806,-inf
12699,126.99000000002806,-inf
12700,127.00000000002807,-inf
12701,127.01000000002807,-inf
12702,127.02000000002808,-inf
12703,127.03000000002808,-inf
12704,127.04000000002809,-inf
12705,127.05000000002809,-inf
12706,127.0600000000281,-inf
12707,127.0700000000281,-inf
12708,127.08000000002811,-inf
12709,127.09000000002811,-inf
12710,127.10000000002812,-inf
12711,127.11000000002812,-inf
12712,127.12000000002813,-inf
12713,127.13000000002813,-inf
12714,127.14000000002814,-inf
12715,127.15000000002814,-inf
12716,127.16000000002815,-inf
12717,127.17000000002815,-inf
12718,127.18000000002816,-inf
12719,127.19000000002816,-inf
12720,127.20000000002817,-inf
12721,127.21000000002817,-inf
12722,127.22000000002818,-inf
12723,127.23000000002818,-inf
12724,127.24000000002819,-inf
12725,127.2500000000282,-inf
12726,127.2600000000282,-inf
12727,127.2700000000282,-inf
12728,127.28000000002821,-inf
12729,127.29000000002821,-inf
12730,127.30000000002822,-inf
12731,127.31000000002823,-inf
12732,127.32000000002823,-inf
12733,127.33000000002824,-inf
12734,127.34000000002824,-inf
12735,127.35000000002825,-inf
12736,127.36000000002825,-inf
12737,127.37000000002826,-inf
12738,127.38000000002826,-inf
12739,127.39000000002827,-inf
12740,127.40000000002827,-inf
12741,127.41000000002828,-inf
12742,127.42000000002828,-inf
12743,127.43000000002829,-inf
12744,127.44000000002829,-inf
12745,127.4500000000283,-inf
12746,127.4600000000283,-inf
12747,127.4700000000283,-inf
12748,127.48000000002831,-inf
12749,127.49000000002832,-inf
12750,127.50000000002832,-inf
12751,127.51000000002833,-inf
12752,127.52000000002833,-inf
12753,127.53000000002834,-inf
12754,127.54000000002834,-inf
12755,127.55000000002835,-inf
12756,127.56000000002835,-inf
12757,127.57000000002836,-inf
12758,127.58000000002836,-inf
12759,127.59000000002837,-inf
12760,127.60000000002837,-inf
12761,127.61000000002838,-inf
12762,127.62000000002838,-inf
12763,127.63000000002839,-inf
12764,127.6400000000284,-inf
12765,127.6500000000284,-inf
12766,127.6600000000284,-inf
12767,127.67000000002841,-inf
12768,127.68000000002841,-inf
12769,127.69000000002842,-inf
12770,127.70000000002842,-inf
12771,127.71000000002843,-inf
12772,127.72000000002843,-inf
12773,127.73000000002844,-inf
12774,127.74000000002845,-inf
12775,127.75000000002845,-inf
12776,127.76000000002846,-inf
12777,127.77000000002846,-inf
12778,127.78000000002847,-inf
12779,127.79000000002847,-inf
12780,127.80000000002848,-inf
12781,127.81000000002848,-inf
12782,127.82000000002849,-inf
12783,127.83000000002849,-inf
12784,127.8400000000285,-inf
12785,127.8500000000285,-inf
12786,127.8600000000285,-inf
12787,127.87000000002851,-inf
12788,127.88000000002852,-inf
12789,127.89000000002852,-inf
12790,127.90000000002853,-inf
12791,127.91000000002853,-inf
12792,127.92000000002854,-inf
12793,127.93000000002854,-inf
12794,127.94000000002855,-inf
12795,127.95000000002855,-inf
12796,127.96000000002856,-inf
12797,127.97000000002856,-inf
12798,127.98000000002857,-inf
12799,127.99000000002857,-inf
12800,128.00000000002856,-inf
12801,128.01000000002855,-inf
12802,128.02000000002855,-inf
12803,128.03000000002854,-inf
12804,128.04000000002853,-inf
12805,128.05000000002852,-inf
12806,128.0600000000285,-inf
12807,128.0700000000285,-inf
12808,128.0800000000285,-inf
12809,128.09000000002848,-inf
12810,128.10000000002847,-inf
12811,128.11000000002846,-inf
12812,128.12000000002845,-inf
12813,128.13000000002845,-inf
12814,128.14000000002844,-inf
12815,128.15000000002843,-inf
12816,128.16000000002842,-inf
12817,128.1700000000284,-inf
12818,128.1800000000284,-inf
12819,128.1900000000284,-inf
12820,128.20000000002838,-inf
12821,128.21000000002837,-inf
12822,128.22000000002836,-inf
12823,128.23000000002835,-inf
12824,128.24000000002835,-inf
12825,128.25000000002834,-inf
12826,128.26000000002833,-inf
12827,128.27000000002832,-inf
12828,128.2800000000283,-inf
12829,128.2900000000283,-inf
12830,128.3000000000283,-inf
12831,128.31000000002828,-inf
12832,128.32000000002827,-inf
12833,128.33000000002826,-inf
12834,128.34000000002825,-inf
12835,128.35000000002825,-inf
12836,128.36000000002824,-inf
12837,128.37000000002823,-inf
12838,128.38000000002822,-inf
12839,128.3900000000282,-inf
12840,128.4000000000282,-inf
12841,128.4100000000282,-inf
12842,128.42000000002818,-inf
12843,128.43000000002817,-inf
12844,128.44000000002816,-inf
12845,128.45000000002815,-inf
12846,128.46000000002815,-inf
12847,128.47000000002814,-inf
12848,128.48000000002813,-inf
12849,128.49000000002812,-inf
12850,128.5000000000281,-inf
12851,128.5100000000281,-inf
12852,128.5200000000281,-inf
12853,128.53000000002808,-inf
12854,128.54000000002807,-inf
12855,128.55000000002806,-inf
12856,128.56000000002805,-inf
12857,128.57000000002805,-inf
12858,128.58000000002804,-inf
12859,128.59000000002803,-inf
12860,128.60000000002802,-inf
12861,128.610000000028,-inf
12862,128.620000000028,-inf
12863,128.630000000028,-inf
12864,128.64000000002798,-inf
12865,128.65000000002797,-inf
12866,128.66000000002796,-inf
12867,128.67000000002795,-inf
12868,128.68000000002795,-inf
12869,128.69000000002794,-inf
12870,128.70000000002793,-inf
12871,128.71000000002792,-inf
12872,128.7200000000279,-inf
12873,128.7300000000279,-inf
12874,128.7400000000279,-inf
12875,128.75000000002788,-inf
12876,128.76000000002787,-inf
12877,128.77000000002786,-inf
12878,128.78000000002785,-inf
12879,128.79000000002785,-inf
12880,128.80000000002784,-inf
12881,128.81000000002783,-inf
12882,128.82000000002782,-inf
12883,128.8300000000278,-inf
12884,128.8400000000278,-inf
12885,128.8500000000278,-inf
12886,128.86000000002778,-inf
12887,128.87000000002777,-inf
12888,128.88000000002776,-inf
12889,128.89000000002775,-inf
12890,128.90000000002775,-inf
12891,128.91000000002774,-inf
12892,128.92000000002773,-inf
12893,128.93000000002772,-inf
12894,128.9400000000277,-inf
12895,128.9500000000277,-inf
12896,128.9600000000277,-inf
12897,128.97000000002768,-inf
12898,128.98000000002767,-inf
12899,128.99000000002766,-inf
12900,129.00000000002765,-inf
12901,129.01000000002765,-inf
12902,129.02000000002764,-inf
12903,129.03000000002763,-inf
12904,129.04000000002762,-inf
12905,129.0500000000276,-inf
12906,129.0600000000276,-inf
12907,129.0700000000276,-inf
12908,129.08000000002758,-inf
12909,129.09000000002757,-inf
12910,129.10000000002756,-inf
12911,129.11000000002755,-inf
12912,129.12000000002755,-inf
12913,129.13000000002754,-inf
12914,129.14000000002753,-inf
12915,129.15000000002752,-inf
12916,129.1600000000275,-inf
12917,129.1700000000275,-inf
12918,129.1800000000275,-inf
12919,129.19000000002748,-inf
12920,129.20000000002747,-inf
12921,129.21000000002746,-inf
12922,129.22000000002745,-inf
12923,129.23000000002745,-inf
12924,129.24000000002744,-inf
12925,129.25000000002743,-inf
12926,129.26000000002742,-inf
12927,129.2700000000274,-inf
12928,129.2800000000274,-inf
12929,129.2900000000274,-inf
12930,129.30000000002738,-inf
12931,129.31000000002737,-inf
12932,129.32000000002736,-inf
12933,129.33000000002735,-inf
12934,129.34000000002735,-inf
12935,129.35000000002734,-inf
12936,129.36000000002733,-inf
12937,129.37000000002732,-inf
12938,129.3800000000273,-inf
12939,129.3900000000273,-inf
12940,129.4000000000273,-inf
12941,129.41000000002728,-inf
12942,129.42000000002727,-inf
12943,129.43000000002726,-inf
12944,129.44000000002725,-inf
12945,129.45000000002725,-inf
12946,129.46000000002724,-inf
12947,129.47000000002723,-inf
12948,129.48000000002722,-inf
12949,129.4900000000272,-inf
12950,129.5000000000272,-inf
12951,129.5100000000272,-inf
12952,129.52000000002718,-inf
12953,129.53000000002717,-inf
12954,129.54000000002716,-inf
12955,129.55000000002715,-inf
12956,129.56000000002715,-inf
12957,129.57000000002714,-inf
12958,129.58000000002713,-inf
12959,129.59000000002712,-inf
12960,129.6000000000271,-inf
12961,129.6100000000271,-inf
12962,129.6200000000271,-inf
12963,129.63000000002708,-inf
12964,129.64000000002707,-inf
12965,129.65000000002706,-inf
12966,129.66000000002705,-inf
12967,129.67000000002704,-inf
12968,129.68000000002704,-inf
12969,129.69000000002703,-inf
12970,129.70000000002702,-inf
12971,129.710000000027,-inf
12972,129.720000000027,-inf
12973,129.730000000027,-inf
12974,129.74000000002698,-inf
12975,129.75000000002697,-inf
12976,129.76000000002696,-inf
12977,129.77000000002695,-inf
12978,129.78000000002694,-inf
12979,129.79000000002694,-inf
12980,129.80000000002693,-inf
12981,129.81000000002692,-inf
12982,129.8200000000269,-inf
12983,129.8300000000269,-inf
12984,129.8400000000269,-inf
12985,129.85000000002688,-inf
12986,129.86000000002687,-inf
12987,129.87000000002686,-inf
12988,129.88000000002685,-inf
12989,129.89000000002684,-inf
12990,129.90000000002684,-inf
12991,129.91000000002683,-inf
12992,129.92000000002682,-inf
12993,129.9300000000268,-inf
12994,129.9400000000268,-inf
12995,129.9500000000268,-inf
12996,129.96000000002678,-inf
12997,129.97000000002677,-inf
12998,129.98000000002676,-inf
12999,129.99000000002675,-inf
13000,130.00000000002674,-inf
13001,130.01000000002674,-inf
13002,130.02000000002673,-inf
13003,130.03000000002672,-inf
13004,130.0400000000267,-inf
13005,130.0500000000267,-inf
13006,130.0600000000267,-inf
13007,130.07000000002668,-inf
13008,130.08000000002667,-inf
13009,130.09000000002666,-inf
13010,130.10000000002665,-inf
13011,130.11000000002664,-inf
13012,130.12000000002664,-inf
13013,130.13000000002663,-inf
13014,130.14000000002662,-inf
13015,130.1500000000266,-inf
13016,130.1600000000266,-inf
13017,130.1700000000266,-inf
13018,130.18000000002658,-inf
13019,130.19000000002657,-inf
13020,130.20000000002656,-inf
13021,130.21000000002655,-inf
13022,130.22000000002654,-inf
13023,130.23000000002654,-inf
13024,130.24000000002653,-inf
13025,130.25000000002652,-inf
13026,130.2600000000265,-inf
13027,130.2700000000265,-inf
13028,130.2800000000265,-inf
13029,130.29000000002648,-inf
13030,130.30000000002647,-inf
13031,130.31000000002646,-inf
13032,130.32000000002645,-inf
13033,130.33000000002644,-inf
13034,130.34000000002644,-inf
13035,130.35000000002643,-inf
13036,130.36000000002642,-inf
13037,130.3700000000264,-inf
13038,130.3800000000264,-inf
13039,130.3900000000264,-inf
13040,130.40000000002638,-inf
13041,130.41000000002637,-inf
13042,130.42000000002636,-inf
13043,130.43000000002635,-inf
13044,130.44000000002634,-inf
13045,130.45000000002634,-inf
13046,130.46000000002633,-inf
13047,130.47000000002632,-inf
13048,130.4800000000263,-inf
13049,130.4900000000263,-inf
13050,130.5000000000263,-inf
13051,130.51000000002628,-inf
13052,130.52000000002627,-inf
13053,130.53000000002626,-inf
13054,130.54000000002625,-inf
13055,130.55000000002624,-inf
13056,130.56000000002624,-inf
13057,130.57000000002623,-inf
13058,130.58000000002622,-inf
13059,130.5900000000262,-inf
13060,130.6000000000262,-inf
13061,130.6100000000262,-inf
13062,130.62000000002618,-inf
13063,130.63000000002617,-inf
13064,130.64000000002616,-inf
13065,130.65000000002615,-inf
13066,130.66000000002614,-inf
13067,130.67000000002614,-inf
13068,130.68000000002613,-inf
13069,130.69000000002612,-inf
13070,130.7000000000261,-inf
13071,130.7100000000261,-inf
13072,130.7200000000261,-inf
13073,130.73000000002608,-inf
13074,130.74000000002607,-inf
13075,130.75000000002606,-inf
13076,130.76000000002605,-inf
13077,130.77000000002604,-inf
13078,130.78000000002604,-inf
13079,130.79000000002603,-inf
13080,130.80000000002602,-inf
13081,130.810000000026,-inf
13082,130.820000000026,-inf
13083,130.830000000026,-inf
13084,130.84000000002598,-inf
13085,130.85000000002597,-inf
13086,130.86000000002596,-inf
13087,130.87000000002595,-inf
13088,130.88000000002594,-inf
13089,130.89000000002594,-inf
13090,130.90000000002593,-inf
13091,130.91000000002592,-inf
13092,130.9200000000259,-inf
13093,130.9300000000259,-inf
13094,130.9400000000259,-inf
13095,130.95000000002588,-inf
13096,130.96000000002587,-inf
13097,130.97000000002586,-inf
13098,130.98000000002585,-inf
13099,130.99000000002584,-inf
13100,131.00000000002584,-inf
13101,131.01000000002583,-inf
13102,131.02000000002582,-inf
13103,131.0300000000258,-inf
13104,131.0400000000258,-inf
13105,131.0500000000258,-inf
13106,131.06000000002578,-inf
13107,131.07000000002577,-inf
13108,131.08000000002576,-inf
13109,131.09000000002575,-inf
13110,131.10000000002574,-inf
13111,131.11000000002574,-inf
13112,131.12000000002573,-inf
13113,131.13000000002572,-inf
13114,131.1400000000257,-inf
13115,131.1500000000257,-inf
13116,131.1600000000257,-inf
13117,131.17000000002568,-inf
13118,131.18000000002567,-inf
13119,131.19000000002566,-inf
13120,131.20000000002565,-inf
13121,131.21000000002564,-inf
13122,131.22000000002564,-inf
13123,131.23000000002563,-inf
13124,131.24000000002562,-inf
13125,131.2500000000256,-inf
13126,131.2600000000256,-inf
13127,131.2700000000256,-inf
13128,131.28000000002558,-inf
13129,131.29000000002557,-inf
13130,131.30000000002556,-inf
13131,131.31000000002555,-inf
13132,131.32000000002554,-inf
13133,131.33000000002554,-inf
13134,131.34000000002553,-inf
13135,131.35000000002552,-inf
13136,131.3600000000255,-inf
13137,131.3700000000255,-inf
13138,131.3800000000255,-inf
13139,131.39000000002548,-inf
13140,131.40000000002547,-inf
13141,131.41000000002546,-inf
13142,131.42000000002545,-inf
13143,131.43000000002544,-inf
13144,131.44000000002544,-inf
13145,131.45000000002543,-inf
13146,131.46000000002542,-inf
13147,131.4700000000254,-inf
13148,131.4800000000254,-inf
13149,131.4900000000254,-inf
13150,131.50000000002538,-inf
13151,131.51000000002537,-inf
13152,131.52000000002536,-inf
13153,131.53000000002535,-inf
13154,131.54000000002534,-inf
13155,131.55000000002534,-inf
13156,131.56000000002533,-inf
13157,131.57000000002532,-inf
13158,131.5800000000253,-inf
13159,131.5900000000253,-inf
13160,131.6000000000253,-inf
13161,131.61000000002528,-inf
13162,131.62000000002527,-inf
13163,131.63000000002526,-inf
13164,131.64000000002525,-inf
13165,131.65000000002524,-inf
13166,131.66000000002524,-inf
13167,131.67000000002523,-inf
13168,131.68000000002522,-inf
13169,131.6900000000252,-inf
13170,131.7000000000252,-inf
13171,131.7100000000252,-inf
13172,131.72000000002518,-inf
13173,131.73000000002517,-inf
13174,131.74000000002516,-inf
13175,131.75000000002515,-inf
13176,131.76000000002514,-inf
13177,131.77000000002514,-inf
13178,131.78000000002513,-inf
13179,131.79000000002512,-inf
13180,131.8000000000251,-inf
13181,131.8100000000251,-inf
13182,131.8200000000251,-inf
13183,131.83000000002508,-inf
13184,131.84000000002507,-inf
13185,131.85000000002506,-inf
13186,131.86000000002505,-inf
13187,131.87000000002504,-inf
13188,131.88000000002503,-inf
13189,131.89000000002503,-inf
13190,131.90000000002502,-inf
13191,131.910000000025,-inf
13192,131.920000000025,-inf
13193,131.930000000025,-inf
13194,131.94000000002498,-inf
13195,131.95000000002497,-inf
13196,131.96000000002496,-inf
13197,131.97000000002495,-inf
13198,131.98000000002494,-inf
13199,131.99000000002493,-inf
13200,132.00000000002493,-inf
13201,132.01000000002492,-inf
13202,132.0200000000249,-inf
13203,132.0300000000249,-inf
13204,132.0400000000249,-inf
13205,132.05000000002488,-inf
13206,132.06000000002487,-inf
13207,132.07000000002486,-inf
13208,132.08000000002485,-inf
13209,132.09000000002484,-inf
13210,132.10000000002483,-inf
13211,132.11000000002483,-inf
13212,132.12000000002482,-inf
13213,132.1300000000248,-inf
13214,132.1400000000248,-inf
13215,132.1500000000248,-inf
13216,132.16000000002478,-inf
13217,132.17000000002477,-inf
13218,132.18000000002476,-inf
13219,132.19000000002475,-inf
13220,132.20000000002474,-inf
13221,132.21000000002473,-inf
13222,132.22000000002473,-inf
13223,132.23000000002472,-inf
13224,132.2400000000247,-inf
13225,132.2500000000247,-inf
13226,132.2600000000247,-inf
13227,132.27000000002468,-inf
13228,132.28000000002467,-inf
13229,132.29000000002466,-inf
13230,132.30000000002465,-inf
13231,132.31000000002464,-inf
13232,132.32000000002463,-inf
13233,132.33000000002463,-inf
13234,132.34000000002462,-inf
13235,132.3500000000246,-inf
13236,132.3600000000246,-inf
13237,132.3700000000246,-inf
13238,132.38000000002458,-inf
13239,132.39000000002457,-inf
13240,132.40000000002456,-inf
13241,132.41000000002455,-inf
13242,132.42000000002454,-inf
13243,132.43000000002453,-inf
13244,132.44000000002453,-inf
13245,132.45000000002452,-inf
13246,132.4600000000245,-inf
13247,132.4700000000245,-inf
13248,132.4800000000245,-inf
13249,132.49000000002448,-inf
13250,132.50000000002447,-inf
13251,132.51000000002446,-inf
13252,132.52000000002445,-inf
13253,132.53000000002444,-inf
13254,132.54000000002443,-inf
13255,132.55000000002443,-inf
13256,132.56000000002442,-inf
13257,132.5700000000244,-inf
13258,132.5800000000244,-inf
13259,132.5900000000244,-inf
13260,132.60000000002438,-inf
13261,132.61000000002437,-inf
13262,132.62000000002436,-inf
13263,132.63000000002435,-inf
13264,132.64000000002434,-inf
13265,132.65000000002433,-inf
13266,132.66000000002433,-inf
13267,132.67000000002432,-inf
13268,132.6800000000243,-inf
13269,132.6900000000243,-inf
13270,132.7000000000243,-inf
13271,132.71000000002428,-inf
13272,132.72000000002427,-inf
13273,132.73000000002426,-inf
13274,132.74000000002425,-inf
13275,132.75000000002424,-inf
13276,132.76000000002423,-inf
13277,132.77000000002423,-inf
13278,132.78000000002422,-inf
13279,132.7900000000242,-inf
13280,132.8000000000242,-inf
13281,132.8100000000242,-inf
13282,132.82000000002418,-inf
13283,132.83000000002417,-inf
13284,132.84000000002416,-inf
13285,132.85000000002415,-inf
13286,132.86000000002414,-inf
13287,132.87000000002413,-inf
13288,132.88000000002413,-inf
13289,132.89000000002412,-inf
13290,132.9000000000241,-inf
13291,132.9100000000241,-inf
13292,132.9200000000241,-inf
13293,132.93000000002408,-inf
13294,132.94000000002407,-inf
13295,132.95000000002406,-inf
13296,132.96000000002405,-inf
13297,132.97000000002404,-inf
13298,132.98000000002403,-inf
13299,132.99000000002403,-inf
13300,133.00000000002402,-inf
13301,133.010000000024,-inf
13302,133.020000000024,-inf
13303,133.030000000024,-inf
13304,133.04000000002398,-inf
13305,133.05000000002397,-inf
13306,133.06000000002396,-inf
13307,133.07000000002395,-inf
13308,133.08000000002394,-inf
13309,133.09000000002393,-inf
13310,133.10000000002393,-inf
13311,133.11000000002392,-inf
13312,133.1200000000239,-inf
13313,133.1300000000239,-inf
13314,133.1400000000239,-inf
13315,133.15000000002388,-inf
13316,133.16000000002387,-inf
13317,133.17000000002386,-inf
13318,133.18000000002385,-inf
13319,133.19000000002384,-inf
13320,133.20000000002383,-inf
13321,133.21000000002383,-inf
13322,133.22000000002382,-inf
13323,133.2300000000238,-inf
13324,133.2400000000238,-inf
13325,133.2500000000238,-inf
13326,133.26000000002378,-inf
13327,133.27000000002377,-inf
13328,133.28000000002376,-inf
13329,133.29000000002375,-inf
13330,133.30000000002374,-inf
13331,133.31000000002373,-inf
13332,133.32000000002373,-inf
13333,133.33000000002372,-inf
13334,133.3400000000237,-inf
13335,133.3500000000237,-inf
13336,133.3600000000237,-inf
13337,133.37000000002368,-inf
13338,133.38000000002367,-inf
13339,133.39000000002366,-inf
13340,133.40000000002365,-inf
13341,133.41000000002364,-inf
13342,133.42000000002363,-inf
13343,133.43000000002363,-inf
13344,133.44000000002362,-inf
13345,133.4500000000236,-inf
13346,133.4600000000236,-inf
13347,133.4700000000236,-inf
13348,133.48000000002358,-inf
13349,133.49000000002357,-inf
13350,133.50000000002356,-inf
13351,133.51000000002355,-inf
13352,133.52000000002354,-inf
13353,133.53000000002353,-inf
13354,133.54000000002353,-inf
13355,133.55000000002352,-inf
13356,133.5600000000235,-inf
13357,133.5700000000235,-inf
13358,133.5800000000235,-inf
13359,133.59000000002348,-inf
13360,133.60000000002347,-inf
13361,133.61000000002346,-inf
13362,133.62000000002345,-inf
13363,133.63000000002344,-inf
13364,133.64000000002343,-inf
13365,133.65000000002343,-inf
13366,133.66000000002342,-inf
13367,133.6700000000234,-inf
13368,133.6800000000234,-inf
13369,133.6900000000234,-inf
13370,133.70000000002338,-inf
13371,133.71000000002337,-inf
13372,133.72000000002336,-inf
13373,133.73000000002335,-inf
13374,133.74000000002334,-inf
13375,133.75000000002333,-inf
13376,133.76000000002333,-inf
13377,133.77000000002332,-inf
13378,133.7800000000233,-inf
13379,133.7900000000233,-inf
13380,133.8000000000233,-inf
13381,133.81000000002328,-inf
13382,133.82000000002327,-inf
13383,133.83000000002326,-inf
13384,133.84000000002325,-inf
13385,133.85000000002324,-inf
13386,133.86000000002323,-inf
13387,133.87000000002323,-inf
13388,133.88000000002322,-inf
13389,133.8900000000232,-inf
13390,133.9000000000232,-inf
13391,133.9100000000232,-inf
13392,133.92000000002318,-inf
13393,133.93000000002317,-inf
13394,133.94000000002316,-inf
13395,133.95000000002315,-inf
13396,133.96000000002314,-inf
13397,133.97000000002313,-inf
13398,133.98000000002313,-inf
13399,133.99000000002312,-inf
13400,134.0000000000231,-inf
13401,134.0100000000231,-inf
13402,134.0200000000231,-inf
13403,134.03000000002308,-inf
13404,134.04000000002307,-inf
13405,134.05000000002306,-inf
13406,134.06000000002305,-inf
13407,134.07000000002304,-inf
13408,134.08000000002303,-inf
13409,134.09000000002302,-inf
13410,134.10000000002302,-inf
13411,134.110000000023,-inf
13412,134.120000000023,-inf
13413,134.130000000023,-inf
13414,134.14000000002298,-inf
13415,134.15000000002297,-inf
13416,134.16000000002296,-inf
13417,134.17000000002295,-inf
13418,134.18000000002294,-inf
13419,134.19000000002293,-inf
13420,134.20000000002292,-inf
13421,134.21000000002292,-inf
13422,134.2200000000229,-inf
13423,134.2300000000229,-inf
13424,134.2400000000229,-inf
13425,134.25000000002288,-inf
13426,134.26000000002287,-inf
13427,134.27000000002286,-inf
13428,134.28000000002285,-inf
13429,134.29000000002284,-inf
13430,134.30000000002283,-inf
13431,134.31000000002282,-inf
13432,134.32000000002282,-inf
13433,134.3300000000228,-inf
13434,134.3400000000228,-inf
13435,134.3500000000228,-inf
13436,134.36000000002278,-inf
13437,134.37000000002277,-inf
13438,134.38000000002276,-inf
13439,134.39000000002275,-inf
13440,134.40000000002274,-inf
13441,134.41000000002273,-inf
13442,134.42000000002272,-inf
13443,134.43000000002272,-inf
13444,134.4400000000227,-inf
13445,134.4500000000227,-inf
13446,134.4600000000227,-inf
13447,134.47000000002268,-inf
13448,134.48000000002267,-inf
13449,134.49000000002266,-inf
13450,134.50000000002265,-inf
13451,134.51000000002264,-inf
13452,134.52000000002263,-inf
13453,134.53000000002262,-inf
13454,134.54000000002262,-inf
13455,134.5500000000226,-inf
13456,134.5600000000226,-inf
13457,134.5700000000226,-inf
13458,134.58000000002258,-inf
13459,134.59000000002257,-inf
13460,134.60000000002256,-inf
13461,134.61000000002255,-inf
13462,134.62000000002254,-inf
13463,134.63000000002253,-inf
13464,134.64000000002252,-inf
13465,134.65000000002252,-inf
13466,134.6600000000225,-inf
13467,134.6700000000225,-inf
13468,134.6800000000225,-inf
13469,134.69000000002248,-inf
13470,134.70000000002247,-inf
13471,134.71000000002246,-inf
13472,134.72000000002245,-inf
13473,134.73000000002244,-inf
13474,134.74000000002243,-inf
13475,134.75000000002242,-inf
13476,134.76000000002242,-inf
13477,134.7700000000224,-inf
13478,134.7800000000224,-inf
13479,134.7900000000224,-inf
13480,134.80000000002238,-inf
13481,134.81000000002237,-inf
13482,134.82000000002236,-inf
13483,134.83000000002235,-inf
13484,134.84000000002234,-inf
13485,134.85000000002233,-inf
13486,134.86000000002232,-inf
13487,134.87000000002232,-inf
13488,134.8800000000223,-inf
13489,134.8900000000223,-inf
13490,134.9000000000223,-inf
13491,134.91000000002228,-inf
13492,134.92000000002227,-inf
13493,134.93000000002226,-inf
13494,134.94000000002225,-inf
13495,134.95000000002224,-inf
13496,134.96000000002223,-inf
13497,134.97000000002222,-inf
13498,134.98000000002222,-inf
13499,134.9900000000222,-inf
13500,135.0000000000222,-inf
13501,135.0100000000222,-inf
13502,135.02000000002218,-inf
13503,135.03000000002217,-inf
13504,135.04000000002216,-inf
13505,135.05000000002215,-inf
13506,135.06000000002214,-inf
13507,135.07000000002213,-inf
13508,135.08000000002212,-inf
13509,135.09000000002212,-inf
13510,135.1000000000221,-inf
13511,135.1100000000221,-inf
13512,135.1200000000221,-inf
13513,135.13000000002208,-inf
13514,135.14000000002207,-inf
13515,135.15000000002206,-inf
13516,135.16000000002205,-inf
13517,135.17000000002204,-inf
13518,135.18000000002203,-inf
13519,135.19000000002202,-inf
13520,135.20000000002202,-inf
13521,135.210000000022,-inf
13522,135.220000000022,-inf
13523,135.230000000022,-inf
13524,135.24000000002198,-inf
13525,135.25000000002197,-inf
13526,135.26000000002196,-inf
13527,135.27000000002195,-inf
13528,135.28000000002194,-inf
13529,135.29000000002193,-inf
13530,135.30000000002192,-inf
13531,135.31000000002192,-inf
13532,135.3200000000219,-inf
13533,135.3300000000219,-inf
13534,135.3400000000219,-inf
13535,135.35000000002188,-inf
13536,135.36000000002187,-inf
13537,135.37000000002186,-inf
13538,135.38000000002185,-inf
13539,135.39000000002184,-inf
13540,135.40000000002183,-inf
13541,135.41000000002182,-inf
13542,135.42000000002182,-inf
13543,135.4300000000218,-inf
13544,135.4400000000218,-inf
13545,135.4500000000218,-inf
13546,135.46000000002178,-inf
13547,135.47000000002177,-inf
13548,135.48000000002176,-inf
13549,135.49000000002175,-inf
13550,135.50000000002174,-inf
13551,135.51000000002173,-inf
13552,135.52000000002172,-inf
13553,135.53000000002172,-inf
13554,135.5400000000217,-inf
13555,135.5500000000217,-inf
13556,135.5600000000217,-inf
13557,135.57000000002168,-inf
13558,135.58000000002167,-inf
13559,135.59000000002166,-inf
13560,135.60000000002165,-inf
13561,135.61000000002164,-inf
13562,135.62000000002163,-inf
13563,135.63000000002162,-inf
13564,135.64000000002162,-inf
13565,135.6500000000216,-inf
13566,135.6600000000216,-inf
13567,135.6700000000216,-inf
13568,135.68000000002158,-inf
13569,135.69000000002157,-inf
13570,135.70000000002156,-inf
13571,135.71000000002155,-inf
13572,135.72000000002154,-inf
13573,135.73000000002153,-inf
13574,135.74000000002152,-inf
13575,135.75000000002152,-inf
13576,135.7600000000215,-inf
13577,135.7700000000215,-inf
13578,135.7800000000215,-inf
13579,135.79000000002148,-inf
13580,135.80000000002147,-inf
13581,135.81000000002146,-inf
13582,135.82000000002145,-inf
13583,135.83000000002144,-inf
13584,135.84000000002143,-inf
13585,135.85000000002142,-inf
13586,135.86000000002142,-inf
13587,135.8700000000214,-inf
13588,135.8800000000214,-inf
13589,135.8900000000214,-inf
13590,135.90000000002138,-inf
13591,135.91000000002137,-inf
13592,135.92000000002136,-inf
13593,135.93000000002135,-inf
13594,135.94000000002134,-inf
13595,135.95000000002133,-inf
13596,135.96000000002132,-inf
13597,135.97000000002132,-inf
13598,135.9800000000213,-inf
13599,135.9900000000213,-inf
13600,136.0000000000213,-inf
13601,136.01000000002128,-inf
13602,136.02000000002127,-inf
13603,136.03000000002126,-inf
13604,136.04000000002125,-inf
13605,136.05000000002124,-inf
13606,136.06000000002123,-inf
13607,136.07000000002122,-inf
13608,136.08000000002122,-inf
13609,136.0900000000212,-inf
13610,136.1000000000212,-inf
13611,136.1100000000212,-inf
13612,136.12000000002118,-inf
13613,136.13000000002117,-inf
13614,136.14000000002116,-inf
13615,136.15000000002115,-inf
13616,136.16000000002114,-inf
13617,136.17000000002113,-inf
13618,136.18000000002112,-inf
13619,136.19000000002112,-inf
13620,136.2000000000211,-inf
13621,136.2100000000211,-inf
13622,136.2200000000211,-inf
13623,136.23000000002108,-inf
13624,136.24000000002107,-inf
13625,136.25000000002106,-inf
13626,136.26000000002105,-inf
13627,136.27000000002104,-inf
13628,136.28000000002103,-inf
13629,136.29000000002102,-inf
13630,136.30000000002102,-inf
13631,136.310000000021,-inf
13632,136.320000000021,-inf
13633,136.330000000021,-inf
13634,136.34000000002098,-inf
13635,136.35000000002097,-inf
13636,136.36000000002096,-inf
13637,136.37000000002095,-inf
13638,136.38000000002094,-inf
13639,136.39000000002093,-inf
13640,136.40000000002092,-inf
13641,136.41000000002091,-inf
13642,136.4200000000209,-inf
13643,136.4300000000209,-inf
13644,136.4400000000209,-inf
13645,136.45000000002088,-inf
13646,136.46000000002087,-inf
13647,136.47000000002086,-inf
13648,136.48000000002085,-inf
13649,136.49000000002084,-inf
13650,136.50000000002083,-inf
13651,136.51000000002082,-inf
13652,136.52000000002081,-inf
13653,136.5300000000208,-inf
13654,136.5400000000208,-inf
13655,136.5500000000208,-inf
13656,136.56000000002078,-inf
13657,136.57000000002077,-inf
13658,136.58000000002076,-inf
13659,136.59000000002075,-inf
13660,136.60000000002074,-inf
13661,136.61000000002073,-inf
13662,136.62000000002072,-inf
13663,136.63000000002071,-inf
13664,136.6400000000207,-inf
13665,136.6500000000207,-inf
13666,136.6600000000207,-inf
13667,136.67000000002068,-inf
13668,136.68000000002067,-inf
13669,136.69000000002066,-inf
13670,136.70000000002065,-inf
13671,136.71000000002064,-inf
13672,136.72000000002063,-inf
13673,136.73000000002062,-inf
13674,136.74000000002061,-inf
13675,136.7500000000206,-inf
13676,136.7600000000206,-inf
13677,136.7700000000206,-inf
13678,136.78000000002058,-inf
13679,136.79000000002057,-inf
13680,136.80000000002056,-inf
13681,136.81000000002055,-inf
13682,136.82000000002054,-inf
13683,136.83000000002053,-inf
13684,136.84000000002052,-inf
13685,136.85000000002051,-inf
13686,136.8600000000205,-inf
13687,136.8700000000205,-inf
13688,136.8800000000205,-inf
13689,136.89000000002048,-inf
13690,136.90000000002047,-inf
13691,136.91000000002046,-inf
13692,136.92000000002045,-inf
13693,136.93000000002044,-inf
13694,136.94000000002043,-inf
13695,136.95000000002042,-inf
13696,136.96000000002041,-inf
13697,136.9700000000204,-inf
13698,136.9800000000204,-inf
13699,136.9900000000204,-inf
13700,137.00000000002038,-inf
13701,137.01000000002037,-inf
13702,137.02000000002036,-inf
13703,137.03000000002035,-inf
13704,137.04000000002034,-inf
13705,137.05000000002033,-inf
13706,137.06000000002032,-inf
13707,137.07000000002031,-inf
13708,137.0800000000203,-inf
13709,137.0900000000203,-inf
13710,137.1000000000203,-inf
13711,137.11000000002028,-inf
13712,137.12000000002027,-inf
13713,137.13000000002026,-inf
13714,137.14000000002025,-inf
13715,137.15000000002024,-inf
13716,137.16000000002023,-inf
13717,137.17000000002022,-inf
13718,137.18000000002021,-inf
13719,137.1900000000202,-inf
13720,137.2000000000202,-inf
13721,137.2100000000202,-inf
13722,137.22000000002018,-inf
13723,137.23000000002017,-inf
13724,137.24000000002016,-inf
13725,137.25000000002015,-inf
13726,137.26000000002014,-inf
13727,137.27000000002013,-inf
13728,137.28000000002012,-inf
13729,137.29000000002011,-inf
13730,137.3000000000201,-inf
13731,137.3100000000201,-inf
13732,137.3200000000201,-inf
13733,137.33000000002008,-inf
13734,137.34000000002007,-inf
13735,137.35000000002006,-inf
13736,137.36000000002005,-inf
13737,137.37000000002004,-inf
13738,137.38000000002003,-inf
13739,137.39000000002002,-inf
13740,137.40000000002001,-inf
13741,137.41000000002,-inf
13742,137.42000000002,-inf
13743,137.43000000002,-inf
13744,137.44000000001998,-inf
13745,137.45000000001997,-inf
13746,137.46000000001996,-inf
13747,137.47000000001995,-inf
13748,137.48000000001994,-inf
13749,137.49000000001993,-inf
13750,137.50000000001992,-inf
13751,137.51000000001991,-inf
13752,137.5200000000199,-inf
13753,137.5300000000199,-inf
13754,137.5400000000199,-inf
13755,137.55000000001988,-inf
13756,137.56000000001987,-inf
13757,137.57000000001986,-inf
13758,137.58000000001985,-inf
13759,137.59000000001984,-inf
13760,137.60000000001983,-inf
13761,137.61000000001982,-inf
13762,137.62000000001981,-inf
13763,137.6300000000198,-inf
13764,137.6400000000198,-inf
13765,137.6500000000198,-inf
13766,137.66000000001978,-inf
13767,137.67000000001977,-inf
13768,137.68000000001976,-inf
13769,137.69000000001975,-inf
13770,137.70000000001974,-inf
13771,137.71000000001973,-inf
13772,137.72000000001972,-inf
13773,137.73000000001971,-inf
13774,137.7400000000197,-inf
13775,137.7500000000197,-inf
13776,137.7600000000197,-inf
13777,137.77000000001968,-inf
13778,137.78000000001967,-inf
13779,137.79000000001966,-inf
13780,137.80000000001965,-inf
13781,137.81000000001964,-inf
13782,137.82000000001963,-inf
13783,137.83000000001962,-inf
13784,137.84000000001961,-inf
13785,137.8500000000196,-inf
13786,137.8600000000196,-inf
13787,137.8700000000196,-inf
13788,137.88000000001958,-inf
13789,137.89000000001957,-inf
13790,137.90000000001956,-inf
13791,137.91000000001955,-inf
13792,137.92000000001954,-inf
13793,137.93000000001953,-inf
13794,137.94000000001952,-inf
13795,137.95000000001951,-inf
13796,137.9600000000195,-inf
13797,137.9700000000195,-inf
13798,137.9800000000195,-inf
13799,137.99000000001948,-inf
13800,138.00000000001947,-inf
13801,138.01000000001946,-inf
13802,138.02000000001945,-inf
13803,138.03000000001944,-inf
13804,138.04000000001943,-inf
13805,138.05000000001942,-inf
13806,138.06000000001941,-inf
13807,138.0700000000194,-inf
13808,138.0800000000194,-inf
13809,138.0900000000194,-inf
13810,138.10000000001938,-inf
13811,138.11000000001937,-inf
13812,138.12000000001936,-inf
13813,138.13000000001935,-inf
13814,138.14000000001934,-inf
13815,138.15000000001933,-inf
13816,138.16000000001932,-inf
13817,138.17000000001931,-inf
13818,138.1800000000193,-inf
13819,138.1900000000193,-inf
13820,138.2000000000193,-inf
13821,138.21000000001928,-inf
13822,138.22000000001927,-inf
13823,138.23000000001926,-inf
13824,138.24000000001925,-inf
13825,138.25000000001924,-inf
13826,138.26000000001923,-inf
13827,138.27000000001922,-inf
13828,138.28000000001921,-inf
13829,138.2900000000192,-inf
13830,138.3000000000192,-inf
13831,138.3100000000192,-inf
13832,138.32000000001918,-inf
13833,138.33000000001917,-inf
13834,138.34000000001916,-inf
13835,138.35000000001915,-inf
13836,138.36000000001914,-inf
13837,138.37000000001913,-inf
13838,138.38000000001912,-inf
13839,138.3900000000191,-inf
13840,138.4000000000191,-inf
13841,138.4100000000191,-inf
13842,138.4200000000191,-inf
13843,138.43000000001908,-inf
13844,138.44000000001907,-inf
13845,138.45000000001906,-inf
13846,138.46000000001905,-inf
13847,138.47000000001904,-inf
13848,138.48000000001903,-inf
13849,138.49000000001902,-inf
13850,138.500000000019,-inf
13851,138.510000000019,-inf
13852,138.520000000019,-inf
13853,138.530000000019,-inf
13854,138.54000000001898,-inf
13855,138.55000000001897,-inf
13856,138.56000000001896,-inf
13857,138.57000000001895,-inf
13858,138.58000000001894,-inf
13859,138.59000000001893,-inf
13860,138.60000000001892,-inf
13861,138.6100000000189,-inf
13862,138.6200000000189,-inf
13863,138.6300000000189,-inf
13864,138.6400000000189,-inf
13865,138.65000000001888,-inf
13866,138.66000000001887,-inf
13867,138.67000000001886,-inf
13868,138.68000000001885,-inf
13869,138.69000000001884,-inf
13870,138.70000000001883,-inf
13871,138.71000000001882,-inf
13872,138.7200000000188,-inf
13873,138.7300000000188,-inf
13874,138.7400000000188,-inf
13875,138.7500000000188,-inf
13876,138.76000000001878,-inf
13877,138.77000000001877,-inf
13878,138.78000000001876,-inf
13879,138.79000000001875,-inf
13880,138.80000000001874,-inf
13881,138.81000000001873,-inf
13882,138.82000000001872,-inf
13883,138.8300000000187,-inf
13884,138.8400000000187,-inf
13885,138.8500000000187,-inf
13886,138.8600000000187,-inf
13887,138.87000000001868,-inf
13888,138.88000000001867,-inf
13889,138.89000000001866,-inf
13890,138.90000000001865,-inf
13891,138.91000000001864,-inf
13892,138.92000000001863,-inf
13893,138.93000000001862,-inf
13894,138.9400000000186,-inf
13895,138.9500000000186,-inf
13896,138.9600000000186,-inf
13897,138.9700000000186,-inf
13898,138.98000000001858,-inf
13899,138.99000000001857,-inf
13900,139.00000000001856,-inf
13901,139.01000000001855,-inf
13902,139.02000000001854,-inf
13903,139.03000000001853,-inf
13904,139.04000000001852,-inf
13905,139.0500000000185,-inf
13906,139.0600000000185,-inf
13907,139.0700000000185,-inf
13908,139.0800000000185,-inf
13909,139.09000000001848,-inf
13910,139.10000000001847,-inf
13911,139.11000000001846,-inf
13912,139.12000000001845,-inf
13913,139.13000000001844,-inf
13914,139.14000000001843,-inf
13915,139.15000000001842,-inf
13916,139.1600000000184,-inf
13917,139.1700000000184,-inf
13918,139.1800000000184,-inf
13919,139.1900000000184,-inf
13920,139.20000000001838,-inf
13921,139.21000000001837,-inf
13922,139.22000000001836,-inf
13923,139.23000000001835,-inf
13924,139.24000000001834,-inf
13925,139.25000000001833,-inf
13926,139.26000000001832,-inf
13927,139.2700000000183,-inf
13928,139.2800000000183,-inf
13929,139.2900000000183,-inf
13930,139.3000000000183,-inf
13931,139.31000000001828,-inf
13932,139.32000000001827,-inf
13933,139.33000000001826,-inf
13934,139.34000000001825,-inf
13935,139.35000000001824,-inf
13936,139.36000000001823,-inf
13937,139.37000000001822,-inf
13938,139.3800000000182,-inf
13939,139.3900000000182,-inf
13940,139.4000000000182,-inf
13941,139.4100000000182,-inf
13942,139.42000000001818,-inf
13943,139.43000000001817,-inf
13944,139.44000000001816,-inf
13945,139.45000000001815,-inf
13946,139.46000000001814,-inf
13947,139.47000000001813,-inf
13948,139.48000000001812,-inf
13949,139.4900000000181,-inf
13950,139.5000000000181,-inf
13951,139.5100000000181,-inf
13952,139.5200000000181,-inf
13953,139.53000000001808,-inf
13954,139.54000000001807,-inf
13955,139.55000000001806,-inf
13956,139.56000000001805,-inf
13957,139.57000000001804,-inf
13958,139.58000000001803,-inf
13959,139.59000000001802,-inf
13960,139.600000000018,-inf
13961,139.610000000018,-inf
13962,139.620000000018,-inf
13963,139.630000000018,-inf
13964,139.64000000001798,-inf
13965,139.65000000001797,-inf
13966,139.66000000001796,-inf
13967,139.67000000001795,-inf
13968,139.68000000001794,-inf
13969,139.69000000001793,-inf
13970,139.70000000001792,-inf
13971,139.7100000000179,-inf
13972,139.7200000000179,-inf
13973,139.7300000000179,-inf
13974,139.7400000000179,-inf
13975,139.75000000001788,-inf
13976,139.76000000001787,-inf
13977,139.77000000001786,-inf
13978,139.78000000001785,-inf
13979,139.79000000001784,-inf
13980,139.80000000001783,-inf
13981,139.81000000001782,-inf
13982,139.8200000000178,-inf
13983,139.8300000000178,-inf
13984,139.8400000000178,-inf
13985,139.8500000000178,-inf
13986,139.86000000001778,-inf
13987,139.87000000001777,-inf
13988,139.88000000001776,-inf
13989,139.89000000001775,-inf
13990,139.90000000001774,-inf
13991,139.91000000001773,-inf
13992,139.92000000001772,-inf
13993,139.9300000000177,-inf
13994,139.9400000000177,-inf
13995,139.9500000000177,-inf
13996,139.9600000000177,-inf
13997,139.97000000001768,-inf
13998,139.98000000001767,-inf
13999,139.99000000001766,-inf
14000,140.00000000001765,-inf
14001,140.01000000001764,-inf
14002,140.02000000001763,-inf
14003,140.03000000001762,-inf
14004,140.0400000000176,-inf
14005,140.0500000000176,-inf
14006,140.0600000000176,-inf
14007,140.0700000000176,-inf
14008,140.08000000001758,-inf
14009,140.09000000001757,-inf
14010,140.10000000001756,-inf
14011,140.11000000001755,-inf
14012,140.12000000001754,-inf
14013,140.13000000001753,-inf
14014,140.14000000001752,-inf
14015,140.1500000000175,-inf
14016,140.1600000000175,-inf
14017,140.1700000000175,-inf
14018,140.1800000000175,-inf
14019,140.19000000001748,-inf
14020,140.20000000001747,-inf
14021,140.21000000001746,-inf
14022,140.22000000001745,-inf
14023,140.23000000001744,-inf
14024,140.24000000001743,-inf
14025,140.25000000001742,-inf
14026,140.2600000000174,-inf
14027,140.2700000000174,-inf
14028,140.2800000000174,-inf
14029,140.2900000000174,-inf
14030,140.30000000001738,-inf
14031,140.31000000001737,-inf
14032,140.32000000001736,-inf
14033,140.33000000001735,-inf
14034,140.34000000001734,-inf
14035,140.35000000001733,-inf
14036,140.36000000001732,-inf
14037,140.3700000000173,-inf
14038,140.3800000000173,-inf
14039,140.3900000000173,-inf
14040,140.4000000000173,-inf
14041,140.41000000001728,-inf
14042,140.42000000001727,-inf
14043,140.43000000001726,-inf
14044,140.44000000001725,-inf
14045,140.45000000001724,-inf
14046,140.46000000001723,-inf
14047,140.47000000001722,-inf
14048,140.4800000000172,-inf
14049,140.4900000000172,-inf
14050,140.5000000000172,-inf
14051,140.5100000000172,-inf
14052,140.52000000001718,-inf
14053,140.53000000001717,-inf
14054,140.54000000001716,-inf
14055,140.55000000001715,-inf
14056,140.56000000001714,-inf
14057,140.57000000001713,-inf
14058,140.58000000001712,-inf
14059,140.5900000000171,-inf
14060,140.6000000000171,-inf
14061,140.6100000000171,-inf
14062,140.6200000000171,-inf
14063,140.63000000001708,-inf
14064,140.64000000001707,-inf
14065,140.65000000001706,-inf
14066,140.66000000001705,-inf
14067,140.67000000001704,-inf
14068,140.68000000001703,-inf
14069,140.69000000001702,-inf
14070,140.700000000017,-inf
14071,140.710000000017,-inf
14072,140.720000000017,-inf
14073,140.730000000017,-inf
14074,140.74000000001698,-inf
14075,140.75000000001697,-inf
14076,140.76000000001696,-inf
14077,140.77000000001695,-inf
14078,140.78000000001694,-inf
14079,140.79000000001693,-inf
14080,140.80000000001692,-inf
14081,140.8100000000169,-inf
14082,140.8200000000169,-inf
14083,140.8300000000169,-inf
14084,140.8400000000169,-inf
14085,140.85000000001688,-inf
14086,140.86000000001687,-inf
14087,140.87000000001686,-inf
14088,140.88000000001685,-inf
14089,140.89000000001684,-inf
14090,140.90000000001683,-inf
14091,140.91000000001682,-inf
14092,140.9200000000168,-inf
14093,140.9300000000168,-inf
14094,140.9400000000168,-inf
14095,140.9500000000168,-inf
14096,140.96000000001678,-inf
14097,140.97000000001677,-inf
14098,140.98000000001676,-inf
14099,140.99000000001675,-inf
14100,141.00000000001674,-inf
14101,141.01000000001673,-inf
14102,141.02000000001672,-inf
14103,141.0300000000167,-inf
14104,141.0400000000167,-inf
14105,141.0500000000167,-inf
14106,141.0600000000167,-inf
14107,141.07000000001668,-inf
14108,141.08000000001667,-inf
14109,141.09000000001666,-inf
14110,141.10000000001665,-inf
14111,141.11000000001664,-inf
14112,141.12000000001663,-inf
14113,141.13000000001662,-inf
14114,141.1400000000166,-inf
14115,141.1500000000166,-inf
14116,141.1600000000166,-inf
14117,141.17000000001659,-inf
14118,141.18000000001658,-inf
14119,141.19000000001657,-inf
14120,141.20000000001656,-inf
14121,141.21000000001655,-inf
14122,141.22000000001654,-inf
14123,141.23000000001653,-inf
14124,141.24000000001652,-inf
14125,141.2500000000165,-inf
14126,141.2600000000165,-inf
14127,141.2700000000165,-inf
14128,141.28000000001649,-inf
14129,141.29000000001648,-inf
14130,141.30000000001647,-inf
14131,141.31000000001646,-inf
14132,141.32000000001645,-inf
14133,141.33000000001644,-inf
14134,141.34000000001643,-inf
14135,141.35000000001642,-inf
14136,141.3600000000164,-inf
14137,141.3700000000164,-inf
14138,141.3800000000164,-inf
14139,141.39000000001639,-inf
14140,141.40000000001638,-inf
14141,141.41000000001637,-inf
14142,141.42000000001636,-inf
14143,141.43000000001635,-inf
14144,141.44000000001634,-inf
14145,141.45000000001633,-inf
14146,141.46000000001632,-inf
14147,141.4700000000163,-inf
14148,141.4800000000163,-inf
14149,141.4900000000163,-inf
14150,141.50000000001629,-inf
14151,141.51000000001628,-inf
14152,141.52000000001627,-inf
14153,141.53000000001626,-inf
14154,141.54000000001625,-inf
14155,141.55000000001624,-inf
14156,141.56000000001623,-inf
14157,141.57000000001622,-inf
14158,141.5800000000162,-inf
14159,141.5900000000162,-inf
14160,141.6000000000162,-inf
14161,141.61000000001619,-inf
14162,141.62000000001618,-inf
14163,141.63000000001617,-inf
14164,141.64000000001616,-inf
14165,141.65000000001615,-inf
14166,141.66000000001614,-inf
14167,141.67000000001613,-inf
14168,141.68000000001612,-inf
14169,141.6900000000161,-inf
14170,141.7000000000161,-inf
14171,141.7100000000161,-inf
14172,141.72000000001609,-inf
14173,141.73000000001608,-inf
14174,141.74000000001607,-inf
14175,141.75000000001606,-inf
14176,141.76000000001605,-inf
14177,141.77000000001604,-inf
14178,141.78000000001603,-inf
14179,141.79000000001602,-inf
14180,141.800000000016,-inf
14181,141.810000000016,-inf
14182,141.820000000016,-inf
14183,141.83000000001599,-inf
14184,141.84000000001598,-inf
14185,141.85000000001597,-inf
14186,141.86000000001596,-inf
14187,141.87000000001595,-inf
14188,141.88000000001594,-inf
14189,141.89000000001593,-inf
14190,141.90000000001592,-inf
14191,141.9100000000159,-inf
14192,141.9200000000159,-inf
14193,141.9300000000159,-inf
14194,141.94000000001589,-inf
14195,141.95000000001588,-inf
14196,141.96000000001587,-inf
14197,141.97000000001586,-inf
14198,141.98000000001585,-inf
14199,141.99000000001584,-inf
14200,142.00000000001583,-inf
14201,142.01000000001582,-inf
14202,142.0200000000158,-inf
14203,142.0300000000158,-inf
14204,142.0400000000158,-inf
14205,142.05000000001579,-inf
14206,142.06000000001578,-inf
14207,142.07000000001577,-inf
14208,142.08000000001576,-inf
14209,142.09000000001575,-inf
14210,142.10000000001574,-inf
14211,142.11000000001573,-inf
14212,142.12000000001572,-inf
14213,142.1300000000157,-inf
14214,142.1400000000157,-inf
14215,142.1500000000157,-inf
14216,142.16000000001569,-inf
14217,142.17000000001568,-inf
14218,142.18000000001567,-inf
14219,142.19000000001566,-inf
14220,142.20000000001565,-inf
14221,142.21000000001564,-inf
14222,142.22000000001563,-inf
14223,142.23000000001562,-inf
14224,142.2400000000156,-inf
14225,142.2500000000156,-inf
14226,142.2600000000156,-inf
14227,142.27000000001559,-inf
14228,142.28000000001558,-inf
14229,142.29000000001557,-inf
14230,142.30000000001556,-inf
14231,142.31000000001555,-inf
14232,142.32000000001554,-inf
14233,142.33000000001553,-inf
14234,142.34000000001552,-inf
14235,142.3500000000155,-inf
14236,142.3600000000155,-inf
14237,142.3700000000155,-inf
14238,142.38000000001549,-inf
14239,142.39000000001548,-inf
14240,142.40000000001547,-inf
14241,142.41000000001546,-inf
14242,142.42000000001545,-inf
14243,142.43000000001544,-inf
14244,142.44000000001543,-inf
14245,142.45000000001542,-inf
14246,142.4600000000154,-inf
14247,142.4700000000154,-inf
14248,142.4800000000154,-inf
14249,142.49000000001539,-inf
14250,142.50000000001538,-inf
14251,142.51000000001537,-inf
14252,142.52000000001536,-inf
14253,142.53000000001535,-inf
14254,142.54000000001534,-inf
14255,142.55000000001533,-inf
14256,142.56000000001532,-inf
14257,142.5700000000153,-inf
14258,142.5800000000153,-inf
14259,142.5900000000153,-inf
14260,142.60000000001529,-inf
14261,142.61000000001528,-inf
14262,142.62000000001527,-inf
14263,142.63000000001526,-inf
14264,142.64000000001525,-inf
14265,142.65000000001524,-inf
14266,142.66000000001523,-inf
14267,142.67000000001522,-inf
14268,142.6800000000152,-inf
14269,142.6900000000152,-inf
14270,142.7000000000152,-inf
14271,142.71000000001519,-inf
14272,142.72000000001518,-inf
14273,142.73000000001517,-inf
14274,142.74000000001516,-inf
14275,142.75000000001515,-inf
14276,142.76000000001514,-inf
14277,142.77000000001513,-inf
14278,142.78000000001512,-inf
14279,142.7900000000151,-inf
14280,142.8000000000151,-inf
14281,142.8100000000151,-inf
14282,142.82000000001509,-inf
14283,142.83000000001508,-inf
14284,142.84000000001507,-inf
14285,142.85000000001506,-inf
14286,142.86000000001505,-inf
14287,142.87000000001504,-inf
14288,142.88000000001503,-inf
14289,142.89000000001502,-inf
14290,142.900000000015,-inf
14291,142.910000000015,-inf
14292,142.920000000015,-inf
14293,142.93000000001499,-inf
14294,142.94000000001498,-inf
14295,142.95000000001497,-inf
14296,142.96000000001496,-inf
14297,142.97000000001495,-inf
14298,142.98000000001494,-inf
14299,142.99000000001493,-inf
14300,143.00000000001492,-inf
14301,143.0100000000149,-inf
14302,143.0200000000149,-inf
14303,143.0300000000149,-inf
14304,143.04000000001489,-inf
14305,143.05000000001488,-inf
14306,143.06000000001487,-inf
14307,143.07000000001486,-inf
14308,143.08000000001485,-inf
14309,143.09000000001484,-inf
14310,143.10000000001483,-inf
14311,143.11000000001482,-inf
14312,143.1200000000148,-inf
14313,143.1300000000148,-inf
14314,143.1400000000148,-inf
14315,143.15000000001478,-inf
14316,143.16000000001478,-inf
14317,143.17000000001477,-inf
14318,143.18000000001476,-inf
14319,143.19000000001475,-inf
14320,143.20000000001474,-inf
14321,143.21000000001473,-inf
14322,143.22000000001472,-inf
14323,143.2300000000147,-inf
14324,143.2400000000147,-inf
14325,143.2500000000147,-inf
14326,143.26000000001468,-inf
14327,143.27000000001468,-inf
14328,143.28000000001467,-inf
14329,143.29000000001466,-inf
14330,143.30000000001465,-inf
14331,143.31000000001464,-inf
14332,143.32000000001463,-inf
14333,143.33000000001462,-inf
14334,143.3400000000146,-inf
14335,143.3500000000146,-inf
14336,143.3600000000146,-inf
14337,143.37000000001458,-inf
14338,143.38000000001458,-inf
14339,143.39000000001457,-inf
14340,143.40000000001456,-inf
14341,143.41000000001455,-inf
14342,143.42000000001454,-inf
14343,143.43000000001453,-inf
14344,143.44000000001452,-inf
14345,143.4500000000145,-inf
14346,143.4600000000145,-inf
14347,143.4700000000145,-inf
14348,143.48000000001448,-inf
14349,143.49000000001448,-inf
14350,143.50000000001447,-inf
14351,143.51000000001446,-inf
14352,143.52000000001445,-inf
14353,143.53000000001444,-inf
14354,143.54000000001443,-inf
14355,143.55000000001442,-inf
14356,143.5600000000144,-inf
14357,143.5700000000144,-inf
14358,143.5800000000144,-inf
14359,143.59000000001438,-inf
14360,143.60000000001438,-inf
14361,143.61000000001437,-inf
14362,143.62000000001436,-inf
14363,143.63000000001435,-inf
14364,143.64000000001434,-inf
14365,143.65000000001433,-inf
14366,143.66000000001432,-inf
14367,143.6700000000143,-inf
14368,143.6800000000143,-inf
14369,143.6900000000143,-inf
14370,143.70000000001428,-inf
14371,143.71000000001428,-inf
14372,143.72000000001427,-inf
14373,143.73000000001426,-inf
14374,143.74000000001425,-inf
14375,143.75000000001424,-inf
14376,143.76000000001423,-inf
14377,143.77000000001422,-inf
14378,143.7800000000142,-inf
14379,143.7900000000142,-inf
14380,143.8000000000142,-inf
14381,143.81000000001418,-inf
14382,143.82000000001418,-inf
14383,143.83000000001417,-inf
14384,143.84000000001416,-inf
14385,143.85000000001415,-inf
14386,143.86000000001414,-inf
14387,143.87000000001413,-inf
14388,143.88000000001412,-inf
14389,143.8900000000141,-inf
14390,143.9000000000141,-inf
14391,143.9100000000141,-inf
14392,143.92000000001408,-inf
14393,143.93000000001408,-inf
14394,143.94000000001407,-inf
14395,143.95000000001406,-inf
14396,143.96000000001405,-inf
14397,143.97000000001404,-inf
14398,143.98000000001403,-inf
14399,143.99000000001402,-inf
14400,144.000000000014,-inf
14401,144.010000000014,-inf
14402,144.020000000014,-inf
14403,144.03000000001398,-inf
14404,144.04000000001398,-inf
14405,144.05000000001397,-inf
14406,144.06000000001396,-inf
14407,144.07000000001395,-inf
14408,144.08000000001394,-inf
14409,144.09000000001393,-inf
14410,144.10000000001392,-inf
14411,144.1100000000139,-inf
14412,144.1200000000139,-inf
14413,144.1300000000139,-inf
14414,144.14000000001388,-inf
14415,144.15000000001388,-inf
14416,144.16000000001387,-inf
14417,144.17000000001386,-inf
14418,144.18000000001385,-inf
14419,144.19000000001384,-inf
14420,144.20000000001383,-inf
14421,144.21000000001382,-inf
14422,144.2200000000138,-inf
14423,144.2300000000138,-inf
14424,144.2400000000138,-inf
14425,144.25000000001378,-inf
14426,144.26000000001378,-inf
14427,144.27000000001377,-inf
14428,144.28000000001376,-inf
14429,144.29000000001375,-inf
14430,144.30000000001374,-inf
14431,144.31000000001373,-inf
14432,144.32000000001372,-inf
14433,144.3300000000137,-inf
14434,144.3400000000137,-inf
14435,144.3500000000137,-inf
14436,144.36000000001368,-inf
14437,144.37000000001368,-inf
14438,144.38000000001367,-inf
14439,144.39000000001366,-inf
14440,144.40000000001365,-inf
14441,144.41000000001364,-inf
14442,144.42000000001363,-inf
14443,144.43000000001362,-inf
14444,144.4400000000136,-inf
14445,144.4500000000136,-inf
14446,144.4600000000136,-inf
14447,144.47000000001358,-inf
14448,144.48000000001358,-inf
14449,144.49000000001357,-inf
14450,144.50000000001356,-inf
14451,144.51000000001355,-inf
14452,144.52000000001354,-inf
14453,144.53000000001353,-inf
14454,144.54000000001352,-inf
14455,144.5500000000135,-inf
14456,144.5600000000135,-inf
14457,144.5700000000135,-inf
14458,144.58000000001348,-inf
14459,144.59000000001348,-inf
14460,144.60000000001347,-inf
14461,144.61000000001346,-inf
14462,144.62000000001345,-inf
14463,144.63000000001344,-inf
14464,144.64000000001343,-inf
14465,144.65000000001342,-inf
14466,144.6600000000134,-inf
14467,144.6700000000134,-inf
14468,144.6800000000134,-inf
14469,144.69000000001338,-inf
14470,144.70000000001338,-inf
14471,144.71000000001337,-inf
14472,144.72000000001336,-inf
14473,144.73000000001335,-inf
14474,144.74000000001334,-inf
14475,144.75000000001333,-inf
14476,144.76000000001332,-inf
14477,144.7700000000133,-inf
14478,144.7800000000133,-inf
14479,144.7900000000133,-inf
14480,144.80000000001328,-inf
14481,144.81000000001328,-inf
14482,144.82000000001327,-inf
14483,144.83000000001326,-inf
14484,144.84000000001325,-inf
14485,144.85000000001324,-inf
14486,144.86000000001323,-inf
14487,144.87000000001322,-inf
14488,144.8800000000132,-inf
14489,144.8900000000132,-inf
14490,144.9000000000132,-inf
14491,144.91000000001318,-inf
14492,144.92000000001318,-inf
14493,144.93000000001317,-inf
14494,144.94000000001316,-inf
14495,144.95000000001315,-inf
14496,144.96000000001314,-inf
14497,144.97000000001313,-inf
14498,144.98000000001312,-inf
14499,144.9900000000131,-inf
14500,145.0000000000131,-inf
14501,145.0100000000131,-inf
14502,145.02000000001308,-inf
14503,145.03000000001308,-inf
14504,145.04000000001307,-inf
14505,145.05000000001306,-inf
14506,145.06000000001305,-inf
14507,145.07000000001304,-inf
14508,145.08000000001303,-inf
14509,145.09000000001302,-inf
14510,145.100000000013,-inf
14511,145.110000000013,-inf
14512,145.120000000013,-inf
14513,145.13000000001298,-inf
14514,145.14000000001298,-inf
14515,145.15000000001297,-inf
14516,145.16000000001296,-inf
14517,145.17000000001295,-inf
14518,145.18000000001294,-inf
14519,145.19000000001293,-inf
14520,145.20000000001292,-inf
14521,145.2100000000129,-inf
14522,145.2200000000129,-inf
14523,145.2300000000129,-inf
14524,145.24000000001288,-inf
14525,145.25000000001288,-inf
14526,145.26000000001287,-inf
14527,145.27000000001286,-inf
14528,145.28000000001285,-inf
14529,145.29000000001284,-inf
14530,145.30000000001283,-inf
14531,145.31000000001282,-inf
14532,145.3200000000128,-inf
14533,145.3300000000128,-inf
14534,145.3400000000128,-inf
14535,145.35000000001278,-inf
14536,145.36000000001277,-inf
14537,145.37000000001277,-inf
14538,145.38000000001276,-inf
14539,145.39000000001275,-inf
14540,145.40000000001274,-inf
14541,145.41000000001273,-inf
14542,145.42000000001272,-inf
14543,145.4300000000127,-inf
14544,145.4400000000127,-inf
14545,145.4500000000127,-inf
14546,145.46000000001268,-inf
14547,145.47000000001267,-inf
14548,145.48000000001267,-inf
14549,145.49000000001266,-inf
14550,145.50000000001265,-inf
14551,145.51000000001264,-inf
14552,145.52000000001263,-inf
14553,145.53000000001262,-inf
14554,145.5400000000126,-inf
14555,145.5500000000126,-inf
14556,145.5600000000126,-inf
14557,145.57000000001258,-inf
14558,145.58000000001257,-inf
14559,145.59000000001257,-inf
14560,145.60000000001256,-inf
14561,145.61000000001255,-inf
14562,145.62000000001254,-inf
14563,145.63000000001253,-inf
14564,145.64000000001252,-inf
14565,145.6500000000125,-inf
14566,145.6600000000125,-inf
14567,145.6700000000125,-inf
14568,145.68000000001248,-inf
14569,145.69000000001247,-inf
14570,145.70000000001247,-inf
14571,145.71000000001246,-inf
14572,145.72000000001245,-inf
14573,145.73000000001244,-inf
14574,145.74000000001243,-inf
14575,145.75000000001242,-inf
14576,145.7600000000124,-inf
14577,145.7700000000124,-inf
14578,145.7800000000124,-inf
14579,145.79000000001238,-inf
14580,145.80000000001237,-inf
14581,145.81000000001237,-inf
14582,145.82000000001236,-inf
14583,145.83000000001235,-inf
14584,145.84000000001234,-inf
14585,145.85000000001233,-inf
14586,145.86000000001232,-inf
14587,145.8700000000123,-inf
14588,145.8800000000123,-inf
14589,145.8900000000123,-inf
14590,145.90000000001228,-inf
14591,145.91000000001227,-inf
14592,145.92000000001227,-inf
14593,145.93000000001226,-inf
14594,145.94000000001225,-inf
14595,145.95000000001224,-inf
14596,145.96000000001223,-inf
14597,145.97000000001222,-inf
14598,145.9800000000122,-inf
14599,145.9900000000122,-inf
14600,146.0000000000122,-inf
14601,146.01000000001218,-inf
14602,146.02000000001217,-inf
14603,146.03000000001217,-inf
14604,146.04000000001216,-inf
14605,146.05000000001215,-inf
14606,146.06000000001214,-inf
14607,146.07000000001213,-inf
14608,146.08000000001212,-inf
14609,146.0900000000121,-inf
14610,146.1000000000121,-inf
14611,146.1100000000121,-inf
14612,146.12000000001208,-inf
14613,146.13000000001207,-inf
14614,146.14000000001207,-inf
14615,146.15000000001206,-inf
14616,146.16000000001205,-inf
14617,146.17000000001204,-inf
14618,146.18000000001203,-inf
14619,146.19000000001202,-inf
14620,146.200000000012,-inf
14621,146.210000000012,-inf
14622,146.220000000012,-inf
14623,146.23000000001198,-inf
14624,146.24000000001197,-inf
14625,146.25000000001197,-inf
14626,146.26000000001196,-inf
14627,146.27000000001195,-inf
14628,146.28000000001194,-inf
14629,146.29000000001193,-inf
14630,146.30000000001192,-inf
14631,146.3100000000119,-inf
14632,146.3200000000119,-inf
14633,146.3300000000119,-inf
14634,146.34000000001188,-inf
14635,146.35000000001187,-inf
14636,146.36000000001187,-inf
14637,146.37000000001186,-inf
14638,146.38000000001185,-inf
14639,146.39000000001184,-inf
14640,146.40000000001183,-inf
14641,146.41000000001182,-inf
14642,146.4200000000118,-inf
14643,146.4300000000118,-inf
14644,146.4400000000118,-inf
14645,146.45000000001178,-inf
14646,146.46000000001177,-inf
14647,146.47000000001177,-inf
14648,146.48000000001176,-inf
14649,146.49000000001175,-inf
14650,146.50000000001174,-inf
14651,146.51000000001173,-inf
14652,146.52000000001172,-inf
14653,146.5300000000117,-inf
14654,146.5400000000117,-inf
14655,146.5500000000117,-inf
14656,146.56000000001168,-inf
14657,146.57000000001167,-inf
14658,146.58000000001167,-inf
14659,146.59000000001166,-inf
14660,146.60000000001165,-inf
14661,146.61000000001164,-inf
14662,146.62000000001163,-inf
14663,146.63000000001162,-inf
14664,146.6400000000116,-inf
14665,146.6500000000116,-inf
14666,146.6600000000116,-inf
14667,146.67000000001158,-inf
14668,146.68000000001157,-inf
14669,146.69000000001157,-inf
14670,146.70000000001156,-inf
14671,146.71000000001155,-inf
14672,146.72000000001154,-inf
14673,146.73000000001153,-inf
14674,146.74000000001152,-inf
14675,146.7500000000115,-inf
14676,146.7600000000115,-inf
14677,146.7700000000115,-inf
14678,146.78000000001148,-inf
14679,146.79000000001147,-inf
14680,146.80000000001147,-inf
14681,146.81000000001146,-inf
14682,146.82000000001145,-inf
14683,146.83000000001144,-inf
14684,146.84000000001143,-inf
14685,146.85000000001142,-inf
14686,146.8600000000114,-inf
14687,146.8700000000114,-inf
14688,146.8800000000114,-inf
14689,146.89000000001138,-inf
14690,146.90000000001137,-inf
14691,146.91000000001137,-inf
14692,146.92000000001136,-inf
14693,146.93000000001135,-inf
14694,146.94000000001134,-inf
14695,146.95000000001133,-inf
14696,146.96000000001132,-inf
14697,146.9700000000113,-inf
14698,146.9800000000113,-inf
14699,146.9900000000113,-inf
14700,147.00000000001128,-inf
14701,147.01000000001127,-inf
14702,147.02000000001127,-inf
14703,147.03000000001126,-inf
14704,147.04000000001125,-inf
14705,147.05000000001124,-inf
14706,147.06000000001123,-inf
14707,147.07000000001122,-inf
14708,147.0800000000112,-inf
14709,147.0900000000112,-inf
14710,147.1000000000112,-inf
14711,147.11000000001118,-inf
14712,147.12000000001117,-inf
14713,147.13000000001117,-inf
14714,147.14000000001116,-inf
14715,147.15000000001115,-inf
14716,147.16000000001114,-inf
14717,147.17000000001113,-inf
14718,147.18000000001112,-inf
14719,147.1900000000111,-inf
14720,147.2000000000111,-inf
14721,147.2100000000111,-inf
14722,147.22000000001108,-inf
14723,147.23000000001107,-inf
14724,147.24000000001107,-inf
14725,147.25000000001106,-inf
14726,147.26000000001105,-inf
14727,147.27000000001104,-inf
14728,147.28000000001103,-inf
14729,147.29000000001102,-inf
14730,147.300000000011,-inf
14731,147.310000000011,-inf
14732,147.320000000011,-inf
14733,147.33000000001098,-inf
14734,147.34000000001097,-inf
14735,147.35000000001097,-inf
14736,147.36000000001096,-inf
14737,147.37000000001095,-inf
14738,147.38000000001094,-inf
14739,147.39000000001093,-inf
14740,147.40000000001092,-inf
14741,147.4100000000109,-inf
14742,147.4200000000109,-inf
14743,147.4300000000109,-inf
14744,147.44000000001088,-inf
14745,147.45000000001087,-inf
14746,147.46000000001087,-inf
14747,147.47000000001086,-inf
14748,147.48000000001085,-inf
14749,147.49000000001084,-inf
14750,147.50000000001083,-inf
14751,147.51000000001082,-inf
14752,147.5200000000108,-inf
14753,147.5300000000108,-inf
14754,147.5400000000108,-inf
14755,147.55000000001078,-inf
14756,147.56000000001077,-inf
14757,147.57000000001077,-inf
14758,147.58000000001076,-inf
14759,147.59000000001075,-inf
14760,147.60000000001074,-inf
14761,147.61000000001073,-inf
14762,147.62000000001072,-inf
14763,147.6300000000107,-inf
14764,147.6400000000107,-inf
14765,147.6500000000107,-inf
14766,147.66000000001068,-inf
14767,147.67000000001067,-inf
14768,147.68000000001066,-inf
14769,147.69000000001066,-inf
14770,147.70000000001065,-inf
14771,147.71000000001064,-inf
14772,147.72000000001063,-inf
14773,147.73000000001062,-inf
14774,147.7400000000106,-inf
14775,147.7500000000106,-inf
14776,147.7600000000106,-inf
14777,147.77000000001058,-inf
14778,147.78000000001057,-inf
14779,147.79000000001056,-inf
14780,147.80000000001056,-inf
14781,147.81000000001055,-inf
14782,147.82000000001054,-inf
14783,147.83000000001053,-inf
14784,147.84000000001052,-inf
14785,147.8500000000105,-inf
14786,147.8600000000105,-inf
14787,147.8700000000105,-inf
14788,147.88000000001048,-inf
14789,147.89000000001047,-inf
14790,147.90000000001046,-inf
14791,147.91000000001046,-inf
14792,147.92000000001045,-inf
14793,147.93000000001044,-inf
14794,147.94000000001043,-inf
14795,147.95000000001042,-inf
14796,147.9600000000104,-inf
14797,147.9700000000104,-inf
14798,147.9800000000104,-inf
14799,147.99000000001038,-inf
14800,148.00000000001037,-inf
14801,148.01000000001036,-inf
14802,148.02000000001036,-inf
14803,148.03000000001035,-inf
14804,148.04000000001034,-inf
14805,148.05000000001033,-inf
14806,148.06000000001032,-inf
14807,148.0700000000103,-inf
14808,148.0800000000103,-inf
14809,148.0900000000103,-inf
14810,148.10000000001028,-inf
14811,148.11000000001027,-inf
14812,148.12000000001026,-inf
14813,148.13000000001026,-inf
14814,148.14000000001025,-inf
14815,148.15000000001024,-inf
14816,148.16000000001023,-inf
14817,148.17000000001022,-inf
14818,148.1800000000102,-inf
14819,148.1900000000102,-inf
14820,148.2000000000102,-inf
14821,148.21000000001018,-inf
14822,148.22000000001017,-inf
14823,148.23000000001016,-inf
14824,148.24000000001016,-inf
14825,148.25000000001015,-inf
14826,148.26000000001014,-inf
14827,148.27000000001013,-inf
14828,148.28000000001012,-inf
14829,148.2900000000101,-inf
14830,148.3000000000101,-inf
14831,148.3100000000101,-inf
14832,148.32000000001008,-inf
14833,148.33000000001007,-inf
14834,148.34000000001006,-inf
14835,148.35000000001006,-inf
14836,148.36000000001005,-inf
14837,148.37000000001004,-inf
14838,148.38000000001003,-inf
14839,148.39000000001002,-inf
14840,148.40000000001,-inf
14841,148.41000000001,-inf
14842,148.42000000001,-inf
14843,148.43000000000998,-inf
14844,148.44000000000997,-inf
14845,148.45000000000996,-inf
14846,148.46000000000996,-inf
14847,148.47000000000995,-inf
14848,148.48000000000994,-inf
14849,148.49000000000993,-inf
14850,148.50000000000992,-inf
14851,148.5100000000099,-inf
14852,148.5200000000099,-inf
14853,148.5300000000099,-inf
14854,148.54000000000988,-inf
14855,148.55000000000987,-inf
14856,148.56000000000986,-inf
14857,148.57000000000986,-inf
14858,148.58000000000985,-inf
14859,148.59000000000984,-inf
14860,148.60000000000983,-inf
14861,148.61000000000982,-inf
14862,148.6200000000098,-inf
14863,148.6300000000098,-inf
14864,148.6400000000098,-inf
14865,148.65000000000978,-inf
14866,148.66000000000977,-inf
14867,148.67000000000976,-inf
14868,148.68000000000976,-inf
14869,148.69000000000975,-inf
14870,148.70000000000974,-inf
14871,148.71000000000973,-inf
14872,148.72000000000972,-inf
14873,148.7300000000097,-inf
14874,148.7400000000097,-inf
14875,148.7500000000097,-inf
14876,148.76000000000968,-inf
14877,148.77000000000967,-inf
14878,148.78000000000966,-inf
14879,148.79000000000966,-inf
14880,148.80000000000965,-inf
14881,148.81000000000964,-inf
14882,148.82000000000963,-inf
14883,148.83000000000962,-inf
14884,148.8400000000096,-inf
14885,148.8500000000096,-inf
14886,148.8600000000096,-inf
14887,148.87000000000958,-inf
14888,148.88000000000957,-inf
14889,148.89000000000956,-inf
14890,148.90000000000956,-inf
14891,148.91000000000955,-inf
14892,148.92000000000954,-inf
14893,148.93000000000953,-inf
14894,148.94000000000952,-inf
14895,148.9500000000095,-inf
14896,148.9600000000095,-inf
14897,148.9700000000095,-inf
14898,148.98000000000948,-inf
14899,148.99000000000947,-inf
14900,149.00000000000946,-inf
14901,149.01000000000946,-inf
14902,149.02000000000945,-inf
14903,149.03000000000944,-inf
14904,149.04000000000943,-inf
14905,149.05000000000942,-inf
14906,149.0600000000094,-inf
14907,149.0700000000094,-inf
14908,149.0800000000094,-inf
14909,149.09000000000938,-inf
14910,149.10000000000937,-inf
14911,149.11000000000936,-inf
14912,149.12000000000936,-inf
14913,149.13000000000935,-inf
14914,149.14000000000934,-inf
14915,149.15000000000933,-inf
14916,149.16000000000932,-inf
14917,149.1700000000093,-inf
14918,149.1800000000093,-inf
14919,149.1900000000093,-inf
14920,149.20000000000928,-inf
14921,149.21000000000927,-inf
14922,149.22000000000926,-inf
14923,149.23000000000926,-inf
14924,149.24000000000925,-inf
14925,149.25000000000924,-inf
14926,149.26000000000923,-inf
14927,149.27000000000922,-inf
14928,149.2800000000092,-inf
14929,149.2900000000092,-inf
14930,149.3000000000092,-inf
14931,149.31000000000918,-inf
14932,149.32000000000917,-inf
14933,149.33000000000916,-inf
14934,149.34000000000916,-inf
14935,149.35000000000915,-inf
14936,149.36000000000914,-inf
14937,149.37000000000913,-inf
14938,149.38000000000912,-inf
14939,149.3900000000091,-inf
14940,149.4000000000091,-inf
14941,149.4100000000091,-inf
14942,149.42000000000908,-inf
14943,149.43000000000907,-inf
14944,149.44000000000906,-inf
14945,149.45000000000906,-inf
14946,149.46000000000905,-inf
14947,149.47000000000904,-inf
14948,149.48000000000903,-inf
14949,149.49000000000902,-inf
14950,149.500000000009,-inf
14951,149.510000000009,-inf
14952,149.520000000009,-inf
14953,149.53000000000898,-inf
14954,149.54000000000897,-inf
14955,149.55000000000896,-inf
14956,149.56000000000896,-inf
14957,149.57000000000895,-inf
14958,149.58000000000894,-inf
14959,149.59000000000893,-inf
14960,149.60000000000892,-inf
14961,149.6100000000089,-inf
14962,149.6200000000089,-inf
14963,149.6300000000089,-inf
14964,149.64000000000888,-inf
14965,149.65000000000887,-inf
14966,149.66000000000886,-inf
14967,149.67000000000886,-inf
14968,149.68000000000885,-inf
14969,149.69000000000884,-inf
14970,149.70000000000883,-inf
14971,149.71000000000882,-inf
14972,149.7200000000088,-inf
14973,149.7300000000088,-inf
14974,149.7400000000088,-inf
14975,149.75000000000878,-inf
14976,149.76000000000877,-inf
14977,149.77000000000876,-inf
14978,149.78000000000876,-inf
14979,149.79000000000875,-inf
14980,149.80000000000874,-inf
14981,149.81000000000873,-inf
14982,149.82000000000872,-inf
14983,149.8300000000087,-inf
14984,149.8400000000087,-inf
14985,149.8500000000087,-inf
14986,149.86000000000868,-inf
14987,149.87000000000867,-inf
14988,149.88000000000866,-inf
14989,149.89000000000865,-inf
14990,149.90000000000865,-inf
14991,149.91000000000864,-inf
14992,149.92000000000863,-inf
14993,149.93000000000862,-inf
14994,149.9400000000086,-inf
14995,149.9500000000086,-inf
14996,149.9600000000086,-inf
14997,149.97000000000858,-inf
14998,149.98000000000857,-inf
14999,149.99000000000856,-inf
15000,150.00000000000855,-inf
15001,150.01000000000855,-inf
15002,150.02000000000854,-inf
15003,150.03000000000853,-inf
15004,150.04000000000852,-inf
15005,150.0500000000085,-inf
15006,150.0600000000085,-inf
15007,150.0700000000085,-inf
15008,150.08000000000848,-inf
15009,150.09000000000847,-inf
15010,150.10000000000846,-inf
15011,150.11000000000845,-inf
15012,150.12000000000845,-inf
15013,150.13000000000844,-inf
15014,150.14000000000843,-inf
15015,150.15000000000842,-inf
15016,150.1600000000084,-inf
15017,150.1700000000084,-inf
15018,150.1800000000084,-inf
15019,150.19000000000838,-inf
15020,150.20000000000837,-inf
15021,150.21000000000836,-inf
15022,150.22000000000835,-inf
15023,150.23000000000835,-inf
15024,150.24000000000834,-inf
15025,150.25000000000833,-inf
15026,150.26000000000832,-inf
15027,150.2700000000083,-inf
15028,150.2800000000083,-inf
15029,150.2900000000083,-inf
15030,150.30000000000828,-inf
15031,150.31000000000827,-inf
15032,150.32000000000826,-inf
15033,150.33000000000825,-inf
15034,150.34000000000825,-inf
15035,150.35000000000824,-inf
15036,150.36000000000823,-inf
15037,150.37000000000822,-inf
15038,150.3800000000082,-inf
15039,150.3900000000082,-inf
15040,150.4000000000082,-inf
15041,150.41000000000818,-inf
15042,150.42000000000817,-inf
15043,150.43000000000816,-inf
15044,150.44000000000815,-inf
15045,150.45000000000815,-inf
15046,150.46000000000814,-inf
15047,150.47000000000813,-inf
15048,150.48000000000812,-inf
15049,150.4900000000081,-inf
15050,150.5000000000081,-inf
15051,150.5100000000081,-inf
15052,150.52000000000808,-inf
15053,150.53000000000807,-inf
15054,150.54000000000806,-inf
15055,150.55000000000805,-inf
15056,150.56000000000805,-inf
15057,150.57000000000804,-inf
15058,150.58000000000803,-inf
15059,150.59000000000802,-inf
15060,150.600000000008,-inf
15061,150.610000000008,-inf
15062,150.620000000008,-inf
15063,150.63000000000798,-inf
15064,150.64000000000797,-inf
15065,150.65000000000796,-inf
15066,150.66000000000795,-inf
15067,150.67000000000795,-inf
15068,150.68000000000794,-inf
15069,150.69000000000793,-inf
15070,150.70000000000792,-inf
15071,150.7100000000079,-inf
15072,150.7200000000079,-inf
15073,150.7300000000079,-inf
15074,150.74000000000788,-inf
15075,150.75000000000787,-inf
15076,150.76000000000786,-inf
15077,150.77000000000785,-inf
15078,150.78000000000785,-inf
15079,150.79000000000784,-inf
15080,150.80000000000783,-inf
15081,150.81000000000782,-inf
15082,150.8200000000078,-inf
15083,150.8300000000078,-inf
15084,150.8400000000078,-inf
15085,150.85000000000778,-inf
15086,150.86000000000777,-inf
15087,150.87000000000776,-inf
15088,150.88000000000775,-inf
15089,150.89000000000775,-inf
15090,150.90000000000774,-inf
15091,150.91000000000773,-inf
15092,150.92000000000772,-inf
15093,150.9300000000077,-inf
15094,150.9400000000077,-inf
15095,150.9500000000077,-inf
15096,150.96000000000768,-inf
15097,150.97000000000767,-inf
15098,150.98000000000766,-inf
15099,150.99000000000765,-inf
15100,151.00000000000765,-inf
15101,151.01000000000764,-inf
15102,151.02000000000763,-inf
15103,151.03000000000762,-inf
15104,151.0400000000076,-inf
15105,151.0500000000076,-inf
15106,151.0600000000076,-inf
15107,151.07000000000758,-inf
15108,151.08000000000757,-inf
15109,151.09000000000756,-inf
15110,151.10000000000755,-inf
15111,151.11000000000755,-inf
15112,151.12000000000754,-inf
15113,151.13000000000753,-inf
15114,151.14000000000752,-inf
15115,151.1500000000075,-inf
15116,151.1600000000075,-inf
15117,151.1700000000075,-inf
15118,151.18000000000748,-inf
15119,151.19000000000747,-inf
15120,151.20000000000746,-inf
15121,151.21000000000745,-inf
15122,151.22000000000745,-inf
15123,151.23000000000744,-inf
15124,151.24000000000743,-inf
15125,151.25000000000742,-inf
15126,151.2600000000074,-inf
15127,151.2700000000074,-inf
15128,151.2800000000074,-inf
15129,151.29000000000738,-inf
15130,151.30000000000737,-inf
15131,151.31000000000736,-inf
15132,151.32000000000735,-inf
15133,151.33000000000735,-inf
15134,151.34000000000734,-inf
15135,151.35000000000733,-inf
15136,151.36000000000732,-inf
15137,151.3700000000073,-inf
15138,151.3800000000073,-inf
15139,151.3900000000073,-inf
15140,151.40000000000728,-inf
15141,151.41000000000727,-inf
15142,151.42000000000726,-inf
15143,151.43000000000725,-inf
15144,151.44000000000725,-inf
15145,151.45000000000724,-inf
15146,151.46000000000723,-inf
15147,151.47000000000722,-inf
15148,151.4800000000072,-inf
15149,151.4900000000072,-inf
15150,151.5000000000072,-inf
15151,151.51000000000718,-inf
15152,151.52000000000717,-inf
15153,151.53000000000716,-inf
15154,151.54000000000715,-inf
15155,151.55000000000715,-inf
15156,151.56000000000714,-inf
15157,151.57000000000713,-inf
15158,151.58000000000712,-inf
15159,151.5900000000071,-inf
15160,151.6000000000071,-inf
15161,151.6100000000071,-inf
15162,151.62000000000708,-inf
15163,151.63000000000707,-inf
15164,151.64000000000706,-inf
15165,151.65000000000705,-inf
15166,151.66000000000705,-inf
15167,151.67000000000704,-inf
15168,151.68000000000703,-inf
15169,151.69000000000702,-inf
15170,151.700000000007,-inf
15171,151.710000000007,-inf
15172,151.720000000007,-inf
15173,151.73000000000698,-inf
15174,151.74000000000697,-inf
15175,151.75000000000696,-inf
15176,151.76000000000695,-inf
15177,151.77000000000695,-inf
15178,151.78000000000694,-inf
15179,151.79000000000693,-inf
15180,151.80000000000692,-inf
15181,151.8100000000069,-inf
15182,151.8200000000069,-inf
15183,151.8300000000069,-inf
15184,151.84000000000688,-inf
15185,151.85000000000687,-inf
15186,151.86000000000686,-inf
15187,151.87000000000685,-inf
15188,151.88000000000685,-inf
15189,151.89000000000684,-inf
15190,151.90000000000683,-inf
15191,151.91000000000682,-inf
15192,151.9200000000068,-inf
15193,151.9300000000068,-inf
15194,151.9400000000068,-inf
15195,151.95000000000678,-inf
15196,151.96000000000677,-inf
15197,151.97000000000676,-inf
15198,151.98000000000675,-inf
15199,151.99000000000675,-inf
15200,152.00000000000674,-inf
15201,152.01000000000673,-inf
15202,152.02000000000672,-inf
15203,152.0300000000067,-inf
15204,152.0400000000067,-inf
15205,152.0500000000067,-inf
15206,152.06000000000668,-inf
15207,152.07000000000667,-inf
15208,152.08000000000666,-inf
15209,152.09000000000665,-inf
15210,152.10000000000664,-inf
15211,152.11000000000664,-inf
15212,152.12000000000663,-inf
15213,152.13000000000662,-inf
15214,152.1400000000066,-inf
15215,152.1500000000066,-inf
15216,152.1600000000066,-inf
15217,152.17000000000658,-inf
15218,152.18000000000657,-inf
15219,152.19000000000656,-inf
15220,152.20000000000655,-inf
15221,152.21000000000654,-inf
15222,152.22000000000654,-inf
15223,152.23000000000653,-inf
15224,152.24000000000652,-inf
15225,152.2500000000065,-inf
15226,152.2600000000065,-inf
15227,152.2700000000065,-inf
15228,152.28000000000648,-inf
15229,152.29000000000647,-inf
15230,152.30000000000646,-inf
15231,152.31000000000645,-inf
15232,152.32000000000644,-inf
15233,152.33000000000644,-inf
15234,152.34000000000643,-inf
15235,152.35000000000642,-inf
15236,152.3600000000064,-inf
15237,152.3700000000064,-inf
15238,152.3800000000064,-inf
15239,152.39000000000638,-inf
15240,152.40000000000637,-inf
15241,152.41000000000636,-inf
15242,152.42000000000635,-inf
15243,152.43000000000634,-inf
15244,152.44000000000634,-inf
15245,152.45000000000633,-inf
15246,152.46000000000632,-inf
15247,152.4700000000063,-inf
15248,152.4800000000063,-inf
15249,152.4900000000063,-inf
15250,152.50000000000628,-inf
15251,152.51000000000627,-inf
15252,152.52000000000626,-inf
15253,152.53000000000625,-inf
15254,152.54000000000624,-inf
15255,152.55000000000624,-inf
15256,152.56000000000623,-inf
15257,152.57000000000622,-inf
15258,152.5800000000062,-inf
15259,152.5900000000062,-inf
15260,152.6000000000062,-inf
15261,152.61000000000618,-inf
15262,152.62000000000617,-inf
15263,152.63000000000616,-inf
15264,152.64000000000615,-inf
15265,152.65000000000614,-inf
15266,152.66000000000614,-inf
15267,152.67000000000613,-inf
15268,152.68000000000612,-inf
15269,152.6900000000061,-inf
15270,152.7000000000061,-inf
15271,152.7100000000061,-inf
15272,152.72000000000608,-inf
15273,152.73000000000607,-inf
15274,152.74000000000606,-inf
15275,152.75000000000605,-inf
15276,152.76000000000604,-inf
15277,152.77000000000604,-inf
15278,152.78000000000603,-inf
15279,152.79000000000602,-inf
15280,152.800000000006,-inf
15281,152.810000000006,-inf
15282,152.820000000006,-inf
15283,152.83000000000598,-inf
15284,152.84000000000597,-inf
15285,152.85000000000596,-inf
15286,152.86000000000595,-inf
15287,152.87000000000594,-inf
15288,152.88000000000594,-inf
15289,152.89000000000593,-inf
15290,152.90000000000592,-inf
15291,152.9100000000059,-inf
15292,152.9200000000059,-inf
15293,152.9300000000059,-inf
15294,152.94000000000588,-inf
15295,152.95000000000587,-inf
15296,152.96000000000586,-inf
15297,152.97000000000585,-inf
15298,152.98000000000584,-inf
15299,152.99000000000584,-inf
15300,153.00000000000583,-inf
15301,153.01000000000582,-inf
15302,153.0200000000058,-inf
15303,153.0300000000058,-inf
15304,153.0400000000058,-inf
15305,153.05000000000578,-inf
15306,153.06000000000577,-inf
15307,153.07000000000576,-inf
15308,153.08000000000575,-inf
15309,153.09000000000574,-inf
15310,153.10000000000574,-inf
15311,153.11000000000573,-inf
15312,153.12000000000572,-inf
15313,153.1300000000057,-inf
15314,153.1400000000057,-inf
15315,153.1500000000057,-inf
15316,153.16000000000568,-inf
15317,153.17000000000567,-inf
15318,153.18000000000566,-inf
15319,153.19000000000565,-inf
15320,153.20000000000564,-inf
15321,153.21000000000564,-inf
15322,153.22000000000563,-inf
15323,153.23000000000562,-inf
15324,153.2400000000056,-inf
15325,153.2500000000056,-inf
15326,153.2600000000056,-inf
15327,153.27000000000558,-inf
15328,153.28000000000557,-inf
15329,153.29000000000556,-inf
15330,153.30000000000555,-inf
15331,153.31000000000554,-inf
15332,153.32000000000554,-inf
15333,153.33000000000553,-inf
15334,153.34000000000552,-inf
15335,153.3500000000055,-inf
15336,153.3600000000055,-inf
15337,153.3700000000055,-inf
15338,153.38000000000548,-inf
15339,153.39000000000547,-inf
15340,153.40000000000546,-inf
15341,153.41000000000545,-inf
15342,153.42000000000544,-inf
15343,153.43000000000544,-inf
15344,153.44000000000543,-inf
15345,153.45000000000542,-inf
15346,153.4600000000054,-inf
15347,153.4700000000054,-inf
15348,153.4800000000054,-inf
15349,153.49000000000538,-inf
15350,153.50000000000537,-inf
15351,153.51000000000536,-inf
15352,153.52000000000535,-inf
15353,153.53000000000534,-inf
15354,153.54000000000534,-inf
15355,153.55000000000533,-inf
15356,153.56000000000532,-inf
15357,153.5700000000053,-inf
15358,153.5800000000053,-inf
15359,153.5900000000053,-inf
15360,153.60000000000528,-inf
15361,153.61000000000527,-inf
15362,153.62000000000526,-inf
15363,153.63000000000525,-inf
15364,153.64000000000524,-inf
15365,153.65000000000524,-inf
15366,153.66000000000523,-inf
15367,153.67000000000522,-inf
15368,153.6800000000052,-inf
15369,153.6900000000052,-inf
15370,153.7000000000052,-inf
15371,153.71000000000518,-inf
15372,153.72000000000517,-inf
15373,153.73000000000516,-inf
15374,153.74000000000515,-inf
15375,153.75000000000514,-inf
15376,153.76000000000514,-inf
15377,153.77000000000513,-inf
15378,153.78000000000512,-inf
15379,153.7900000000051,-inf
15380,153.8000000000051,-inf
15381,153.8100000000051,-inf
15382,153.82000000000508,-inf
15383,153.83000000000507,-inf
15384,153.84000000000506,-inf
15385,153.85000000000505,-inf
15386,153.86000000000504,-inf
15387,153.87000000000504,-inf
15388,153.88000000000503,-inf
15389,153.89000000000502,-inf
15390,153.900000000005,-inf
15391,153.910000000005,-inf
15392,153.920000000005,-inf
15393,153.93000000000498,-inf
15394,153.94000000000497,-inf
15395,153.95000000000496,-inf
15396,153.96000000000495,-inf
15397,153.97000000000494,-inf
15398,153.98000000000494,-inf
15399,153.99000000000493,-inf
15400,154.00000000000492,-inf
15401,154.0100000000049,-inf
15402,154.0200000000049,-inf
15403,154.0300000000049,-inf
15404,154.04000000000488,-inf
15405,154.05000000000487,-inf
15406,154.06000000000486,-inf
15407,154.07000000000485,-inf
15408,154.08000000000484,-inf
15409,154.09000000000484,-inf
15410,154.10000000000483,-inf
15411,154.11000000000482,-inf
15412,154.1200000000048,-inf
15413,154.1300000000048,-inf
15414,154.1400000000048,-inf
15415,154.15000000000478,-inf
15416,154.16000000000477,-inf
15417,154.17000000000476,-inf
15418,154.18000000000475,-inf
15419,154.19000000000474,-inf
15420,154.20000000000474,-inf
15421,154.21000000000473,-inf
15422,154.22000000000472,-inf
15423,154.2300000000047,-inf
15424,154.2400000000047,-inf
15425,154.2500000000047,-inf
15426,154.26000000000468,-inf
15427,154.27000000000467,-inf
15428,154.28000000000466,-inf
15429,154.29000000000465,-inf
15430,154.30000000000464,-inf
15431,154.31000000000464,-inf
15432,154.32000000000463,-inf
15433,154.33000000000462,-inf
15434,154.3400000000046,-inf
15435,154.3500000000046,-inf
15436,154.3600000000046,-inf
15437,154.37000000000458,-inf
15438,154.38000000000457,-inf
15439,154.39000000000456,-inf
15440,154.40000000000455,-inf
15441,154.41000000000454,-inf
15442,154.42000000000453,-inf
15443,154.43000000000453,-inf
15444,154.44000000000452,-inf
15445,154.4500000000045,-inf
15446,154.4600000000045,-inf
15447,154.4700000000045,-inf
15448,154.48000000000448,-inf
15449,154.49000000000447,-inf
15450,154.50000000000446,-inf
15451,154.51000000000445,-inf
15452,154.52000000000444,-inf
15453,154.53000000000443,-inf
15454,154.54000000000443,-inf
15455,154.55000000000442,-inf
15456,154.5600000000044,-inf
15457,154.5700000000044,-inf
15458,154.5800000000044,-inf
15459,154.59000000000438,-inf
15460,154.60000000000437,-inf
15461,154.61000000000436,-inf
15462,154.62000000000435,-inf
15463,154.63000000000434,-inf
15464,154.64000000000433,-inf
15465,154.65000000000433,-inf
15466,154.66000000000432,-inf
15467,154.6700000000043,-inf
15468,154.6800000000043,-inf
15469,154.6900000000043,-inf
15470,154.70000000000428,-inf
15471,154.71000000000427,-inf
15472,154.72000000000426,-inf
15473,154.73000000000425,-inf
15474,154.74000000000424,-inf
15475,154.75000000000423,-inf
15476,154.76000000000423,-inf
15477,154.77000000000422,-inf
15478,154.7800000000042,-inf
15479,154.7900000000042,-inf
15480,154.8000000000042,-inf
15481,154.81000000000418,-inf
15482,154.82000000000417,-inf
15483,154.83000000000416,-inf
15484,154.84000000000415,-inf
15485,154.85000000000414,-inf
15486,154.86000000000413,-inf
15487,154.87000000000413,-inf
15488,154.88000000000412,-inf
15489,154.8900000000041,-inf
15490,154.9000000000041,-inf
15491,154.9100000000041,-inf
15492,154.92000000000408,-inf
15493,154.93000000000407,-inf
15494,154.94000000000406,-inf
15495,154.95000000000405,-inf
15496,154.96000000000404,-inf
15497,154.97000000000403,-inf
15498,154.98000000000403,-inf
15499,154.99000000000402,-inf
15500,155.000000000004,-inf
15501,155.010000000004,-inf
15502,155.020000000004,-inf
15503,155.03000000000398,-inf
15504,155.04000000000397,-inf
15505,155.05000000000396,-inf
15506,155.06000000000395,-inf
15507,155.07000000000394,-inf
15508,155.08000000000393,-inf
15509,155.09000000000393,-inf
15510,155.10000000000392,-inf
15511,155.1100000000039,-inf
15512,155.1200000000039,-inf
15513,155.1300000000039,-inf
15514,155.14000000000388,-inf
15515,155.15000000000387,-inf
15516,155.16000000000386,-inf
15517,155.17000000000385,-inf
15518,155.18000000000384,-inf
15519,155.19000000000383,-inf
15520,155.20000000000383,-inf
15521,155.21000000000382,-inf
15522,155.2200000000038,-inf
15523,155.2300000000038,-inf
15524,155.2400000000038,-inf
15525,155.25000000000378,-inf
15526,155.26000000000377,-inf
15527,155.27000000000376,-inf
15528,155.28000000000375,-inf
15529,155.29000000000374,-inf
15530,155.30000000000373,-inf
15531,155.31000000000373,-inf
15532,155.32000000000372,-inf
15533,155.3300000000037,-inf
15534,155.3400000000037,-inf
15535,155.3500000000037,-inf
15536,155.36000000000368,-inf
15537,155.37000000000367,-inf
15538,155.38000000000366,-inf
15539,155.39000000000365,-inf
15540,155.40000000000364,-inf
15541,155.41000000000363,-inf
15542,155.42000000000363,-inf
15543,155.43000000000362,-inf
15544,155.4400000000036,-inf
15545,155.4500000000036,-inf
15546,155.4600000000036,-inf
15547,155.47000000000358,-inf
15548,155.48000000000357,-inf
15549,155.49000000000356,-inf
15550,155.50000000000355,-inf
15551,155.51000000000354,-inf
15552,155.52000000000353,-inf
15553,155.53000000000353,-inf
15554,155.54000000000352,-inf
15555,155.5500000000035,-inf
15556,155.5600000000035,-inf
15557,155.5700000000035,-inf
15558,155.58000000000348,-inf
15559,155.59000000000347,-inf
15560,155.60000000000346,-inf
15561,155.61000000000345,-inf
15562,155.62000000000344,-inf
15563,155.63000000000343,-inf
15564,155.64000000000343,-inf
15565,155.65000000000342,-inf
15566,155.6600000000034,-inf
15567,155.6700000000034,-inf
15568,155.6800000000034,-inf
15569,155.69000000000338,-inf
15570,155.70000000000337,-inf
15571,155.71000000000336,-inf
15572,155.72000000000335,-inf
15573,155.73000000000334,-inf
15574,155.74000000000333,-inf
15575,155.75000000000333,-inf
15576,155.76000000000332,-inf
15577,155.7700000000033,-inf
15578,155.7800000000033,-inf
15579,155.7900000000033,-inf
15580,155.80000000000328,-inf
15581,155.81000000000327,-inf
15582,155.82000000000326,-inf
15583,155.83000000000325,-inf
15584,155.84000000000324,-inf
15585,155.85000000000323,-inf
15586,155.86000000000323,-inf
15587,155.87000000000322,-inf
15588,155.8800000000032,-inf
15589,155.8900000000032,-inf
15590,155.9000000000032,-inf
15591,155.91000000000318,-inf
15592,155.92000000000317,-inf
15593,155.93000000000316,-inf
15594,155.94000000000315,-inf
15595,155.95000000000314,-inf
15596,155.96000000000313,-inf
15597,155.97000000000313,-inf
15598,155.98000000000312,-inf
15599,155.9900000000031,-inf
15600,156.0000000000031,-inf
15601,156.0100000000031,-inf
15602,156.02000000000308,-inf
15603,156.03000000000307,-inf
15604,156.04000000000306,-inf
15605,156.05000000000305,-inf
15606,156.06000000000304,-inf
15607,156.07000000000303,-inf
15608,156.08000000000303,-inf
15609,156.09000000000302,-inf
15610,156.100000000003,-inf
15611,156.110000000003,-inf
15612,156.120000000003,-inf
15613,156.13000000000298,-inf
15614,156.14000000000297,-inf
15615,156.15000000000296,-inf
15616,156.16000000000295,-inf
15617,156.17000000000294,-inf
15618,156.18000000000293,-inf
15619,156.19000000000293,-inf
15620,156.20000000000292,-inf
15621,156.2100000000029,-inf
15622,156.2200000000029,-inf
15623,156.2300000000029,-inf
15624,156.24000000000288,-inf
15625,156.25000000000287,-inf
15626,156.26000000000286,-inf
15627,156.27000000000285,-inf
15628,156.28000000000284,-inf
15629,156.29000000000283,-inf
15630,156.30000000000283,-inf
15631,156.31000000000282,-inf
15632,156.3200000000028,-inf
15633,156.3300000000028,-inf
15634,156.3400000000028,-inf
15635,156.35000000000278,-inf
15636,156.36000000000277,-inf
15637,156.37000000000276,-inf
15638,156.38000000000275,-inf
15639,156.39000000000274,-inf
15640,156.40000000000273,-inf
15641,156.41000000000273,-inf
15642,156.42000000000272,-inf
15643,156.4300000000027,-inf
15644,156.4400000000027,-inf
15645,156.4500000000027,-inf
15646,156.46000000000268,-inf
15647,156.47000000000267,-inf
15648,156.48000000000266,-inf
15649,156.49000000000265,-inf
15650,156.50000000000264,-inf
15651,156.51000000000263,-inf
15652,156.52000000000263,-inf
15653,156.53000000000262,-inf
15654,156.5400000000026,-inf
15655,156.5500000000026,-inf
15656,156.5600000000026,-inf
15657,156.57000000000258,-inf
15658,156.58000000000257,-inf
15659,156.59000000000256,-inf
15660,156.60000000000255,-inf
15661,156.61000000000254,-inf
15662,156.62000000000253,-inf
15663,156.63000000000252,-inf
15664,156.64000000000252,-inf
15665,156.6500000000025,-inf
15666,156.6600000000025,-inf
15667,156.6700000000025,-inf
15668,156.68000000000248,-inf
15669,156.69000000000247,-inf
15670,156.70000000000246,-inf
15671,156.71000000000245,-inf
15672,156.72000000000244,-inf
15673,156.73000000000243,-inf
15674,156.74000000000242,-inf
15675,156.75000000000242,-inf
15676,156.7600000000024,-inf
15677,156.7700000000024,-inf
15678,156.7800000000024,-inf
15679,156.79000000000238,-inf
15680,156.80000000000237,-inf
15681,156.81000000000236,-inf
15682,156.82000000000235,-inf
15683,156.83000000000234,-inf
15684,156.84000000000233,-inf
15685,156.85000000000232,-inf
15686,156.86000000000232,-inf
15687,156.8700000000023,-inf
15688,156.8800000000023,-inf
15689,156.8900000000023,-inf
15690,156.90000000000228,-inf
15691,156.91000000000227,-inf
15692,156.92000000000226,-inf
15693,156.93000000000225,-inf
15694,156.94000000000224,-inf
15695,156.95000000000223,-inf
15696,156.96000000000222,-inf
15697,156.97000000000222,-inf
15698,156.9800000000022,-inf
15699,156.9900000000022,-inf
15700,157.0000000000022,-inf
15701,157.01000000000218,-inf
15702,157.02000000000217,-inf
15703,157.03000000000216,-inf
15704,157.04000000000215,-inf
15705,157.05000000000214,-inf
15706,157.06000000000213,-inf
15707,157.07000000000212,-inf
15708,157.08000000000212,-inf
15709,157.0900000000021,-inf
15710,157.1000000000021,-inf
15711,157.1100000000021,-inf
15712,157.12000000000208,-inf
15713,157.13000000000207,-inf
15714,157.14000000000206,-inf
15715,157.15000000000205,-inf
15716,157.16000000000204,-inf
15717,157.17000000000203,-inf
15718,157.18000000000202,-inf
15719,157.19000000000202,-inf
15720,157.200000000002,-inf
15721,157.210000000002,-inf
15722,157.220000000002,-inf
15723,157.23000000000198,-inf
15724,157.24000000000197,-inf
15725,157.25000000000196,-inf
15726,157.26000000000195,-inf
15727,157.27000000000194,-inf
15728,157.28000000000193,-inf
15729,157.29000000000192,-inf
15730,157.30000000000192,-inf
15731,157.3100000000019,-inf
15732,157.3200000000019,-inf
15733,157.3300000000019,-inf
15734,157.34000000000188,-inf
15735,157.35000000000187,-inf
15736,157.36000000000186,-inf
15737,157.37000000000185,-inf
15738,157.38000000000184,-inf
15739,157.39000000000183,-inf
15740,157.40000000000182,-inf
15741,157.41000000000182,-inf
15742,157.4200000000018,-inf
15743,157.4300000000018,-inf
15744,157.4400000000018,-inf
15745,157.45000000000178,-inf
15746,157.46000000000177,-inf
15747,157.47000000000176,-inf
15748,157.48000000000175,-inf
15749,157.49000000000174,-inf
15750,157.50000000000173,-inf
15751,157.51000000000172,-inf
15752,157.52000000000172,-inf
15753,157.5300000000017,-inf
15754,157.5400000000017,-inf
15755,157.5500000000017,-inf
15756,157.56000000000168,-inf
15757,157.57000000000167,-inf
15758,157.58000000000166,-inf
15759,157.59000000000165,-inf
15760,157.60000000000164,-inf
15761,157.61000000000163,-inf
15762,157.62000000000162,-inf
15763,157.63000000000162,-inf
15764,157.6400000000016,-inf
15765,157.6500000000016,-inf
15766,157.6600000000016,-inf
15767,157.67000000000158,-inf
15768,157.68000000000157,-inf
15769,157.69000000000156,-inf
15770,157.70000000000155,-inf
15771,157.71000000000154,-inf
15772,157.72000000000153,-inf
15773,157.73000000000152,-inf
15774,157.74000000000152,-inf
15775,157.7500000000015,-inf
15776,157.7600000000015,-inf
15777,157.7700000000015,-inf
15778,157.78000000000148,-inf
15779,157.79000000000147,-inf
15780,157.80000000000146,-inf
15781,157.81000000000145,-inf
15782,157.82000000000144,-inf
15783,157.83000000000143,-inf
15784,157.84000000000142,-inf
15785,157.85000000000142,-inf
15786,157.8600000000014,-inf
15787,157.8700000000014,-inf
15788,157.8800000000014,-inf
15789,157.89000000000138,-inf
15790,157.90000000000137,-inf
15791,157.91000000000136,-inf
15792,157.92000000000135,-inf
15793,157.93000000000134,-inf
15794,157.94000000000133,-inf
15795,157.95000000000132,-inf
15796,157.96000000000132,-inf
15797,157.9700000000013,-inf
15798,157.9800000000013,-inf
15799,157.9900000000013,-inf
15800,158.00000000000128,-inf
15801,158.01000000000127,-inf
15802,158.02000000000126,-inf
15803,158.03000000000125,-inf
15804,158.04000000000124,-inf
15805,158.05000000000123,-inf
15806,158.06000000000122,-inf
15807,158.07000000000122,-inf
15808,158.0800000000012,-inf
15809,158.0900000000012,-inf
15810,158.1000000000012,-inf
15811,158.11000000000118,-inf
15812,158.12000000000117,-inf
15813,158.13000000000116,-inf
15814,158.14000000000115,-inf
15815,158.15000000000114,-inf
15816,158.16000000000113,-inf
15817,158.17000000000112,-inf
15818,158.18000000000112,-inf
15819,158.1900000000011,-inf
15820,158.2000000000011,-inf
15821,158.2100000000011,-inf
15822,158.22000000000108,-inf
15823,158.23000000000107,-inf
15824,158.24000000000106,-inf
15825,158.25000000000105,-inf
15826,158.26000000000104,-inf
15827,158.27000000000103,-inf
15828,158.28000000000102,-inf
15829,158.29000000000102,-inf
15830,158.300000000001,-inf
15831,158.310000000001,-inf
15832,158.320000000001,-inf
15833,158.33000000000098,-inf
15834,158.34000000000097,-inf
15835,158.35000000000096,-inf
15836,158.36000000000095,-inf
15837,158.37000000000094,-inf
15838,158.38000000000093,-inf
15839,158.39000000000092,-inf
15840,158.40000000000092,-inf
15841,158.4100000000009,-inf
15842,158.4200000000009,-inf
15843,158.4300000000009,-inf
15844,158.44000000000088,-inf
15845,158.45000000000087,-inf
15846,158.46000000000086,-inf
15847,158.47000000000085,-inf
15848,158.48000000000084,-inf
15849,158.49000000000083,-inf
15850,158.50000000000082,-inf
15851,158.51000000000082,-inf
15852,158.5200000000008,-inf
15853,158.5300000000008,-inf
15854,158.5400000000008,-inf
15855,158.55000000000078,-inf
15856,158.56000000000077,-inf
15857,158.57000000000076,-inf
15858,158.58000000000075,-inf
15859,158.59000000000074,-inf
15860,158.60000000000073,-inf
15861,158.61000000000072,-inf
15862,158.62000000000072,-inf
15863,158.6300000000007,-inf
15864,158.6400000000007,-inf
15865,158.6500000000007,-inf
15866,158.66000000000068,-inf
15867,158.67000000000067,-inf
15868,158.68000000000066,-inf
15869,158.69000000000065,-inf
15870,158.70000000000064,-inf
15871,158.71000000000063,-inf
15872,158.72000000000062,-inf
15873,158.73000000000062,-inf
15874,158.7400000000006,-inf
15875,158.7500000000006,-inf
15876,158.7600000000006,-inf
15877,158.77000000000058,-inf
15878,158.78000000000057,-inf
15879,158.79000000000056,-inf
15880,158.80000000000055,-inf
15881,158.81000000000054,-inf
15882,158.82000000000053,-inf
15883,158.83000000000052,-inf
15884,158.84000000000052,-inf
15885,158.8500000000005,-inf
15886,158.8600000000005,-inf
15887,158.8700000000005,-inf
15888,158.88000000000048,-inf
15889,158.89000000000047,-inf
15890,158.90000000000046,-inf
15891,158.91000000000045,-inf
15892,158.92000000000044,-inf
15893,158.93000000000043,-inf
15894,158.94000000000042,-inf
15895,158.95000000000041,-inf
15896,158.9600000000004,-inf
15897,158.9700000000004,-inf
15898,158.9800000000004,-inf
15899,158.99000000000038,-inf
15900,159.00000000000037,-inf
15901,159.01000000000036,-inf
15902,159.02000000000035,-inf
15903,159.03000000000034,-inf
15904,159.04000000000033,-inf
15905,159.05000000000032,-inf
15906,159.06000000000031,-inf
15907,159.0700000000003,-inf
15908,159.0800000000003,-inf
15909,159.0900000000003,-inf
15910,159.10000000000028,-inf
15911,159.11000000000027,-inf
15912,159.12000000000026,-inf
15913,159.13000000000025,-inf
15914,159.14000000000024,-inf
15915,159.15000000000023,-inf
15916,159.16000000000022,-inf
15917,159.17000000000021,-inf
15918,159.1800000000002,-inf
15919,159.1900000000002,-inf
15920,159.2000000000002,-inf
15921,159.21000000000018,-inf
15922,159.22000000000017,-inf
15923,159.23000000000016,-inf
15924,159.24000000000015,-inf
15925,159.25000000000014,-inf
15926,159.26000000000013,-inf
15927,159.27000000000012,-inf
15928,159.28000000000011,-inf
15929,159.2900000000001,-inf
15930,159.3000000000001,-inf
15931,159.3100000000001,-inf
15932,159.32000000000008,-inf
15933,159.33000000000007,-inf
15934,159.34000000000006,-inf
15935,159.35000000000005,-inf
15936,159.36000000000004,-inf
15937,159.37000000000003,-inf
15938,159.38000000000002,-inf
15939,159.39000000000001,-inf
15940,159.4,-inf
15941,159.41,-inf
15942,159.42,-inf
15943,159.42999999999998,-inf
15944,159.43999999999997,-inf
15945,159.44999999999996,-inf
15946,159.45999999999995,-inf
15947,159.46999999999994,-inf
15948,159.47999999999993,-inf
15949,159.48999999999992,-inf
15950,159.49999999999991,-inf
15951,159.5099999999999,-inf
15952,159.5199999999999,-inf
15953,159.5299999999999,-inf
15954,159.53999999999988,-inf
15955,159.54999999999987,-inf
15956,159.55999999999986,-inf
15957,159.56999999999985,-inf
15958,159.57999999999984,-inf
15959,159.58999999999983,-inf
15960,159.59999999999982,-inf
15961,159.60999999999981,-inf
15962,159.6199999999998,-inf
15963,159.6299999999998,-inf
15964,159.6399999999998,-inf
15965,159.64999999999978,-inf
15966,159.65999999999977,-inf
15967,159.66999999999976,-inf
15968,159.67999999999975,-inf
15969,159.68999999999974,-inf
15970,159.69999999999973,-inf
15971,159.70999999999972,-inf
15972,159.71999999999971,-inf
15973,159.7299999999997,-inf
15974,159.7399999999997,-inf
15975,159.7499999999997,-inf
15976,159.75999999999968,-inf
15977,159.76999999999967,-inf
15978,159.77999999999966,-inf
15979,159.78999999999965,-inf
15980,159.79999999999964,-inf
15981,159.80999999999963,-inf
15982,159.81999999999962,-inf
15983,159.82999999999961,-inf
15984,159.8399999999996,-inf
15985,159.8499999999996,-inf
15986,159.8599999999996,-inf
15987,159.86999999999958,-inf
15988,159.87999999999957,-inf
15989,159.88999999999956,-inf
15990,159.89999999999955,-inf
15991,159.90999999999954,-inf
15992,159.91999999999953,-inf
15993,159.92999999999952,-inf
15994,159.93999999999951,-inf
15995,159.9499999999995,-inf
15996,159.9599999999995,-inf
15997,159.9699999999995,-inf
15998,159.97999999999948,-inf
15999,159.98999999999947,-inf
16000,159.99999999999946,-inf
16001,160.00999999999945,-inf
16002,160.01999999999944,-inf
16003,160.02999999999943,-inf
16004,160.03999999999942,-inf
16005,160.04999999999941,-inf
16006,160.0599999999994,-inf
16007,160.0699999999994,-inf
16008,160.0799999999994,-inf
16009,160.08999999999938,-inf
16010,160.09999999999937,-inf
16011,160.10999999999936,-inf
16012,160.11999999999935,-inf
16013,160.12999999999934,-inf
16014,160.13999999999933,-inf
16015,160.14999999999932,-inf
16016,160.15999999999931,-inf
16017,160.1699999999993,-inf
16018,160.1799999999993,-inf
16019,160.1899999999993,-inf
16020,160.19999999999928,-inf
16021,160.20999999999927,-inf
16022,160.21999999999926,-inf
16023,160.22999999999925,-inf
16024,160.23999999999924,-inf
16025,160.24999999999923,-inf
16026,160.25999999999922,-inf
16027,160.26999999999921,-inf
16028,160.2799999999992,-inf
16029,160.2899999999992,-inf
16030,160.2999999999992,-inf
16031,160.30999999999918,-inf
16032,160.31999999999917,-inf
16033,160.32999999999916,-inf
16034,160.33999999999915,-inf
16035,160.34999999999914,-inf
16036,160.35999999999913,-inf
16037,160.36999999999912,-inf
16038,160.37999999999911,-inf
16039,160.3899999999991,-inf
16040,160.3999999999991,-inf
16041,160.4099999999991,-inf
16042,160.41999999999908,-inf
16043,160.42999999999907,-inf
16044,160.43999999999906,-inf
16045,160.44999999999905,-inf
16046,160.45999999999904,-inf
16047,160.46999999999903,-inf
16048,160.47999999999902,-inf
16049,160.48999999999901,-inf
16050,160.499999999999,-inf
16051,160.509999999999,-inf
16052,160.519999999999,-inf
16053,160.52999999999898,-inf
16054,160.53999999999897,-inf
16055,160.54999999999896,-inf
16056,160.55999999999895,-inf
16057,160.56999999999894,-inf
16058,160.57999999999893,-inf
16059,160.58999999999892,-inf
16060,160.59999999999891,-inf
16061,160.6099999999989,-inf
16062,160.6199999999989,-inf
16063,160.6299999999989,-inf
16064,160.63999999999888,-inf
16065,160.64999999999887,-inf
16066,160.65999999999886,-inf
16067,160.66999999999885,-inf
16068,160.67999999999884,-inf
16069,160.68999999999883,-inf
16070,160.69999999999882,-inf
16071,160.70999999999881,-inf
16072,160.7199999999988,-inf
16073,160.7299999999988,-inf
16074,160.7399999999988,-inf
16075,160.74999999999878,-inf
16076,160.75999999999877,-inf
16077,160.76999999999876,-inf
16078,160.77999999999875,-inf
16079,160.78999999999874,-inf
16080,160.79999999999873,-inf
16081,160.80999999999872,-inf
16082,160.8199999999987,-inf
16083,160.8299999999987,-inf
16084,160.8399999999987,-inf
16085,160.8499999999987,-inf
16086,160.85999999999868,-inf
16087,160.86999999999867,-inf
16088,160.87999999999866,-inf
16089,160.88999999999865,-inf
16090,160.89999999999864,-inf
16091,160.90999999999863,-inf
16092,160.91999999999862,-inf
16093,160.9299999999986,-inf
16094,160.9399999999986,-inf
16095,160.9499999999986,-inf
16096,160.9599999999986,-inf
16097,160.96999999999858,-inf
16098,160.97999999999857,-inf
16099,160.98999999999856,-inf
16100,160.99999999999855,-inf
16101,161.00999999999854,-inf
16102,161.01999999999853,-inf
16103,161.02999999999852,-inf
16104,161.0399999999985,-inf
16105,161.0499999999985,-inf
16106,161.0599999999985,-inf
16107,161.0699999999985,-inf
16108,161.07999999999848,-inf
16109,161.08999999999847,-inf
16110,161.09999999999846,-inf
16111,161.10999999999845,-inf
16112,161.11999999999844,-inf
16113,161.12999999999843,-inf
16114,161.13999999999842,-inf
16115,161.1499999999984,-inf
16116,161.1599999999984,-inf
16117,161.1699999999984,-inf
16118,161.1799999999984,-inf
16119,161.18999999999838,-inf
16120,161.19999999999837,-inf
16121,161.20999999999836,-inf
16122,161.21999999999835,-inf
16123,161.22999999999834,-inf
16124,161.23999999999833,-inf
16125,161.24999999999832,-inf
16126,161.2599999999983,-inf
16127,161.2699999999983,-inf
16128,161.2799999999983,-inf
16129,161.2899999999983,-inf
16130,161.29999999999828,-inf
16131,161.30999999999827,-inf
16132,161.31999999999826,-inf
16133,161.32999999999825,-inf
16134,161.33999999999824,-inf
16135,161.34999999999823,-inf
16136,161.35999999999822,-inf
16137,161.3699999999982,-inf
16138,161.3799999999982,-inf
16139,161.3899999999982,-inf
16140,161.3999999999982,-inf
16141,161.40999999999818,-inf
16142,161.41999999999817,-inf
16143,161.42999999999816,-inf
16144,161.43999999999815,-inf
16145,161.44999999999814,-inf
16146,161.45999999999813,-inf
16147,161.46999999999812,-inf
16148,161.4799999999981,-inf
16149,161.4899999999981,-inf
16150,161.4999999999981,-inf
16151,161.5099999999981,-inf
16152,161.51999999999808,-inf
16153,161.52999999999807,-inf
16154,161.53999999999806,-inf
16155,161.54999999999805,-inf
16156,161.55999999999804,-inf
16157,161.56999999999803,-inf
16158,161.57999999999802,-inf
16159,161.589999999998,-inf
16160,161.599999999998,-inf
16161,161.609999999998,-inf
16162,161.619999999998,-inf
16163,161.62999999999798,-inf
16164,161.63999999999797,-inf
16165,161.64999999999796,-inf
16166,161.65999999999795,-inf
16167,161.66999999999794,-inf
16168,161.67999999999793,-inf
16169,161.68999999999792,-inf
16170,161.6999999999979,-inf
16171,161.7099999999979,-inf
16172,161.7199999999979,-inf
16173,161.7299999999979,-inf
16174,161.73999999999788,-inf
16175,161.74999999999787,-inf
16176,161.75999999999786,-inf
16177,161.76999999999785,-inf
16178,161.77999999999784,-inf
16179,161.78999999999783,-inf
16180,161.79999999999782,-inf
16181,161.8099999999978,-inf
16182,161.8199999999978,-inf
16183,161.8299999999978,-inf
16184,161.8399999999978,-inf
16185,161.84999999999778,-inf
16186,161.85999999999777,-inf
16187,161.86999999999776,-inf
16188,161.87999999999775,-inf
16189,161.88999999999774,-inf
16190,161.89999999999773,-inf
16191,161.90999999999772,-inf
16192,161.9199999999977,-inf
16193,161.9299999999977,-inf
16194,161.9399999999977,-inf
16195,161.9499999999977,-inf
16196,161.95999999999768,-inf
16197,161.96999999999767,-inf
16198,161.97999999999766,-inf
16199,161.98999999999765,-inf
16200,161.99999999999764,-inf
16201,162.00999999999763,-inf
16202,162.01999999999762,-inf
16203,162.0299999999976,-inf
16204,162.0399999999976,-inf
16205,162.0499999999976,-inf
16206,162.0599999999976,-inf
16207,162.06999999999758,-inf
16208,162.07999999999757,-inf
16209,162.08999999999756,-inf
16210,162.09999999999755,-inf
16211,162.10999999999754,-inf
16212,162.11999999999753,-inf
16213,162.12999999999752,-inf
16214,162.1399999999975,-inf
16215,162.1499999999975,-inf
16216,162.1599999999975,-inf
16217,162.1699999999975,-inf
16218,162.17999999999748,-inf
16219,162.18999999999747,-inf
16220,162.19999999999746,-inf
16221,162.20999999999745,-inf
16222,162.21999999999744,-inf
16223,162.22999999999743,-inf
16224,162.23999999999742,-inf
16225,162.2499999999974,-inf
16226,162.2599999999974,-inf
16227,162.2699999999974,-inf
16228,162.2799999999974,-inf
16229,162.28999999999738,-inf
16230,162.29999999999737,-inf
16231,162.30999999999736,-inf
16232,162.31999999999735,-inf
16233,162.32999999999734,-inf
16234,162.33999999999733,-inf
16235,162.34999999999732,-inf
16236,162.3599999999973,-inf
16237,162.3699999999973,-inf
16238,162.3799999999973,-inf
16239,162.3899999999973,-inf
16240,162.39999999999728,-inf
16241,162.40999999999727,-inf
16242,162.41999999999726,-inf
16243,162.42999999999725,-inf
16244,162.43999999999724,-inf
16245,162.44999999999723,-inf
16246,162.45999999999722,-inf
16247,162.4699999999972,-inf
16248,162.4799999999972,-inf
16249,162.4899999999972,-inf
16250,162.4999999999972,-inf
16251,162.50999999999718,-inf
16252,162.51999999999717,-inf
16253,162.52999999999716,-inf
16254,162.53999999999715,-inf
16255,162.54999999999714,-inf
16256,162.55999999999713,-inf
16257,162.56999999999712,-inf
16258,162.5799999999971,-inf
16259,162.5899999999971,-inf
16260,162.5999999999971,-inf
16261,162.6099999999971,-inf
16262,162.61999999999708,-inf
16263,162.62999999999707,-inf
16264,162.63999999999706,-inf
16265,162.64999999999705,-inf
16266,162.65999999999704,-inf
16267,162.66999999999703,-inf
16268,162.67999999999702,-inf
16269,162.689999999997,-inf
16270,162.699999999997,-inf
16271,162.709999999997,-inf
16272,162.719999999997,-inf
16273,162.72999999999698,-inf
16274,162.73999999999697,-inf
16275,162.74999999999696,-inf
16276,162.75999999999695,-inf
16277,162.76999999999694,-inf
16278,162.77999999999693,-inf
16279,162.78999999999692,-inf
16280,162.7999999999969,-inf
16281,162.8099999999969,-inf
16282,162.8199999999969,-inf
16283,162.8299999999969,-inf
16284,162.83999999999688,-inf
16285,162.84999999999687,-inf
16286,162.85999999999686,-inf
16287,162.86999999999685,-inf
16288,162.87999999999684,-inf
16289,162.88999999999683,-inf
16290,162.89999999999682,-inf
16291,162.9099999999968,-inf
16292,162.9199999999968,-inf
16293,162.9299999999968,-inf
16294,162.9399999999968,-inf
16295,162.94999999999678,-inf
16296,162.95999999999677,-inf
16297,162.96999999999676,-inf
16298,162.97999999999675,-inf
16299,162.98999999999674,-inf
16300,162.99999999999673,-inf
16301,163.00999999999672,-inf
16302,163.0199999999967,-inf
16303,163.0299999999967,-inf
16304,163.0399999999967,-inf
16305,163.0499999999967,-inf
16306,163.05999999999668,-inf
16307,163.06999999999667,-inf
16308,163.07999999999666,-inf
16309,163.08999999999665,-inf
16310,163.09999999999664,-inf
16311,163.10999999999663,-inf
16312,163.11999999999662,-inf
16313,163.1299999999966,-inf
16314,163.1399999999966,-inf
16315,163.1499999999966,-inf
16316,163.1599999999966,-inf
16317,163.16999999999658,-inf
16318,163.17999999999657,-inf
16319,163.18999999999656,-inf
16320,163.19999999999655,-inf
16321,163.20999999999654,-inf
16322,163.21999999999653,-inf
16323,163.22999999999652,-inf
16324,163.2399999999965,-inf
16325,163.2499999999965,-inf
16326,163.2599999999965,-inf
16327,163.2699999999965,-inf
16328,163.27999999999648,-inf
16329,163.28999999999647,-inf
16330,163.29999999999646,-inf
16331,163.30999999999645,-inf
16332,163.31999999999644,-inf
16333,163.32999999999643,-inf
16334,163.33999999999642,-inf
16335,163.3499999999964,-inf
16336,163.3599999999964,-inf
16337,163.3699999999964,-inf
16338,163.3799999999964,-inf
16339,163.38999999999638,-inf
16340,163.39999999999637,-inf
16341,163.40999999999636,-inf
16342,163.41999999999635,-inf
16343,163.42999999999634,-inf
16344,163.43999999999633,-inf
16345,163.44999999999632,-inf
16346,163.4599999999963,-inf
16347,163.4699999999963,-inf
16348,163.4799999999963,-inf
16349,163.4899999999963,-inf
16350,163.49999999999628,-inf
16351,163.50999999999627,-inf
16352,163.51999999999626,-inf
16353,163.52999999999625,-inf
16354,163.53999999999624,-inf
16355,163.54999999999623,-inf
16356,163.55999999999622,-inf
16357,163.5699999999962,-inf
16358,163.5799999999962,-inf
16359,163.5899999999962,-inf
16360,163.5999999999962,-inf
16361,163.60999999999618,-inf
16362,163.61999999999617,-inf
16363,163.62999999999616,-inf
16364,163.63999999999615,-inf
16365,163.64999999999614,-inf
16366,163.65999999999613,-inf
16367,163.66999999999612,-inf
16368,163.6799999999961,-inf
16369,163.6899999999961,-inf
16370,163.6999999999961,-inf
16371,163.70999999999609,-inf
16372,163.71999999999608,-inf
16373,163.72999999999607,-inf
16374,163.73999999999606,-inf
16375,163.74999999999605,-inf
16376,163.75999999999604,-inf
16377,163.76999999999603,-inf
16378,163.77999999999602,-inf
16379,163.789999999996,-inf
16380,163.799999999996,-inf
16381,163.809999999996,-inf
16382,163.81999999999599,-inf
16383,163.82999999999598,-inf
16384,163.83999999999597,-inf
16385,163.84999999999596,-inf
16386,163.85999999999595,-inf
16387,163.86999999999594,-inf
16388,163.87999999999593,-inf
16389,163.88999999999592,-inf
16390,163.8999999999959,-inf
16391,163.9099999999959,-inf
16392,163.9199999999959,-inf
16393,163.92999999999589,-inf
16394,163.93999999999588,-inf
16395,163.94999999999587,-inf
16396,163.95999999999586,-inf
16397,163.96999999999585,-inf
16398,163.97999999999584,-inf
16399,163.98999999999583,-inf
16400,163.99999999999582,-inf
16401,164.0099999999958,-inf
16402,164.0199999999958,-inf
16403,164.0299999999958,-inf
16404,164.03999999999579,-inf
16405,164.04999999999578,-inf
16406,164.05999999999577,-inf
16407,164.06999999999576,-inf
16408,164.07999999999575,-inf
16409,164.08999999999574,-inf
16410,164.09999999999573,-inf
16411,164.10999999999572,-inf
16412,164.1199999999957,-inf
16413,164.1299999999957,-inf
16414,164.1399999999957,-inf
16415,164.14999999999569,-inf
16416,164.15999999999568,-inf
16417,164.16999999999567,-inf
16418,164.17999999999566,-inf
16419,164.18999999999565,-inf
16420,164.19999999999564,-inf
16421,164.20999999999563,-inf
16422,164.21999999999562,-inf
16423,164.2299999999956,-inf
16424,164.2399999999956,-inf
16425,164.2499999999956,-inf
16426,164.25999999999559,-inf
16427,164.26999999999558,-inf
16428,164.27999999999557,-inf
16429,164.28999999999556,-inf
16430,164.29999999999555,-inf
16431,164.30999999999554,-inf
16432,164.31999999999553,-inf
16433,164.32999999999552,-inf
16434,164.3399999999955,-inf
16435,164.3499999999955,-inf
16436,164.3599999999955,-inf
16437,164.36999999999549,-inf
16438,164.37999999999548,-inf
16439,164.38999999999547,-inf
16440,164.39999999999546,-inf
16441,164.40999999999545,-inf
16442,164.41999999999544,-inf
16443,164.42999999999543,-inf
16444,164.43999999999542,-inf
16445,164.4499999999954,-inf
16446,164.4599999999954,-inf
16447,164.4699999999954,-inf
16448,164.47999999999539,-inf
16449,164.48999999999538,-inf
16450,164.49999999999537,-inf
16451,164.50999999999536,-inf
16452,164.51999999999535,-inf
16453,164.52999999999534,-inf
16454,164.53999999999533,-inf
16455,164.54999999999532,-inf
16456,164.5599999999953,-inf
16457,164.5699999999953,-inf
16458,164.5799999999953,-inf
16459,164.58999999999529,-inf
16460,164.59999999999528,-inf
16461,164.60999999999527,-inf
16462,164.61999999999526,-inf
16463,164.62999999999525,-inf
16464,164.63999999999524,-inf
16465,164.64999999999523,-inf
16466,164.65999999999522,-inf
16467,164.6699999999952,-inf
16468,164.6799999999952,-inf
16469,164.6899999999952,-inf
16470,164.69999999999519,-inf
16471,164.70999999999518,-inf
16472,164.71999999999517,-inf
16473,164.72999999999516,-inf
16474,164.73999999999515,-inf
16475,164.74999999999514,-inf
16476,164.75999999999513,-inf
16477,164.76999999999512,-inf
16478,164.7799999999951,-inf
16479,164.7899999999951,-inf
16480,164.7999999999951,-inf
16481,164.80999999999509,-inf
16482,164.81999999999508,-inf
16483,164.82999999999507,-inf
16484,164.83999999999506,-inf
16485,164.84999999999505,-inf
16486,164.85999999999504,-inf
16487,164.86999999999503,-inf
16488,164.87999999999502,-inf
16489,164.889999999995,-inf
16490,164.899999999995,-inf
16491,164.909999999995,-inf
16492,164.91999999999499,-inf
16493,164.92999999999498,-inf
16494,164.93999999999497,-inf
16495,164.94999999999496,-inf
16496,164.95999999999495,-inf
16497,164.96999999999494,-inf
16498,164.97999999999493,-inf
16499,164.98999999999492,-inf
16500,164.9999999999949,-inf
16501,165.0099999999949,-inf
16502,165.0199999999949,-inf
16503,165.02999999999489,-inf
16504,165.03999999999488,-inf
16505,165.04999999999487,-inf
16506,165.05999999999486,-inf
16507,165.06999999999485,-inf
16508,165.07999999999484,-inf
16509,165.08999999999483,-inf
16510,165.09999999999482,-inf
16511,165.1099999999948,-inf
16512,165.1199999999948,-inf
16513,165.1299999999948,-inf
16514,165.13999999999479,-inf
16515,165.14999999999478,-inf
16516,165.15999999999477,-inf
16517,165.16999999999476,-inf
16518,165.17999999999475,-inf
16519,165.18999999999474,-inf
16520,165.19999999999473,-inf
16521,165.20999999999472,-inf
16522,165.2199999999947,-inf
16523,165.2299999999947,-inf
16524,165.2399999999947,-inf
16525,165.24999999999469,-inf
16526,165.25999999999468,-inf
16527,165.26999999999467,-inf
16528,165.27999999999466,-inf
16529,165.28999999999465,-inf
16530,165.29999999999464,-inf
16531,165.30999999999463,-inf
16532,165.31999999999462,-inf
16533,165.3299999999946,-inf
16534,165.3399999999946,-inf
16535,165.3499999999946,-inf
16536,165.35999999999459,-inf
16537,165.36999999999458,-inf
16538,165.37999999999457,-inf
16539,165.38999999999456,-inf
16540,165.39999999999455,-inf
16541,165.40999999999454,-inf
16542,165.41999999999453,-inf
16543,165.42999999999452,-inf
16544,165.4399999999945,-inf
16545,165.4499999999945,-inf
16546,165.4599999999945,-inf
16547,165.46999999999449,-inf
16548,165.47999999999448,-inf
16549,165.48999999999447,-inf
16550,165.49999999999446,-inf
16551,165.50999999999445,-inf
16552,165.51999999999444,-inf
16553,165.52999999999443,-inf
16554,165.53999999999442,-inf
16555,165.5499999999944,-inf
16556,165.5599999999944,-inf
16557,165.5699999999944,-inf
16558,165.57999999999439,-inf
16559,165.58999999999438,-inf
16560,165.59999999999437,-inf
16561,165.60999999999436,-inf
16562,165.61999999999435,-inf
16563,165.62999999999434,-inf
16564,165.63999999999433,-inf
16565,165.64999999999432,-inf
16566,165.6599999999943,-inf
16567,165.6699999999943,-inf
16568,165.6799999999943,-inf
16569,165.68999999999428,-inf
16570,165.69999999999428,-inf
16571,165.70999999999427,-inf
16572,165.71999999999426,-inf
16573,165.72999999999425,-inf
16574,165.73999999999424,-inf
16575,165.74999999999423,-inf
16576,165.75999999999422,-inf
16577,165.7699999999942,-inf
16578,165.7799999999942,-inf
16579,165.7899999999942,-inf
16580,165.79999999999418,-inf
16581,165.80999999999418,-inf
16582,165.81999999999417,-inf
16583,165.82999999999416,-inf
16584,165.83999999999415,-inf
16585,165.84999999999414,-inf
16586,165.85999999999413,-inf
16587,165.86999999999412,-inf
16588,165.8799999999941,-inf
16589,165.8899999999941,-inf
16590,165.8999999999941,-inf
16591,165.90999999999408,-inf
16592,165.91999999999408,-inf
16593,165.92999999999407,-inf
16594,165.93999999999406,-inf
16595,165.94999999999405,-inf
16596,165.95999999999404,-inf
16597,165.96999999999403,-inf
16598,165.97999999999402,-inf
16599,165.989999999994,-inf
16600,165.999999999994,-inf
16601,166.009999999994,-inf
16602,166.01999999999398,-inf
16603,166.02999999999398,-inf
16604,166.03999999999397,-inf
16605,166.04999999999396,-inf
16606,166.05999999999395,-inf
16607,166.06999999999394,-inf
16608,166.07999999999393,-inf
16609,166.08999999999392,-inf
16610,166.0999999999939,-inf
16611,166.1099999999939,-inf
16612,166.1199999999939,-inf
16613,166.12999999999388,-inf
16614,166.13999999999388,-inf
16615,166.14999999999387,-inf
16616,166.15999999999386,-inf
16617,166.16999999999385,-inf
16618,166.17999999999384,-inf
16619,166.18999999999383,-inf
16620,166.19999999999382,-inf
16621,166.2099999999938,-inf
16622,166.2199999999938,-inf
16623,166.2299999999938,-inf
16624,166.23999999999378,-inf
16625,166.24999999999378,-inf
16626,166.25999999999377,-inf
16627,166.26999999999376,-inf
16628,166.27999999999375,-inf
16629,166.28999999999374,-inf
16630,166.29999999999373,-inf
16631,166.30999999999372,-inf
16632,166.3199999999937,-inf
16633,166.3299999999937,-inf
16634,166.3399999999937,-inf
16635,166.34999999999368,-inf
16636,166.35999999999368,-inf
16637,166.36999999999367,-inf
16638,166.37999999999366,-inf
16639,166.38999999999365,-inf
16640,166.39999999999364,-inf
16641,166.40999999999363,-inf
16642,166.41999999999362,-inf
16643,166.4299999999936,-inf
16644,166.4399999999936,-inf
16645,166.4499999999936,-inf
16646,166.45999999999358,-inf
16647,166.46999999999358,-inf
16648,166.47999999999357,-inf
16649,166.48999999999356,-inf
16650,166.49999999999355,-inf
16651,166.50999999999354,-inf
16652,166.51999999999353,-inf
16653,166.52999999999352,-inf
16654,166.5399999999935,-inf
16655,166.5499999999935,-inf
16656,166.5599999999935,-inf
16657,166.56999999999348,-inf
16658,166.57999999999348,-inf
16659,166.58999999999347,-inf
16660,166.59999999999346,-inf
16661,166.60999999999345,-inf
16662,166.61999999999344,-inf
16663,166.62999999999343,-inf
16664,166.63999999999342,-inf
16665,166.6499999999934,-inf
16666,166.6599999999934,-inf
16667,166.6699999999934,-inf
16668,166.67999999999338,-inf
16669,166.68999999999338,-inf
16670,166.69999999999337,-inf
16671,166.70999999999336,-inf
16672,166.71999999999335,-inf
16673,166.72999999999334,-inf
16674,166.73999999999333,-inf
16675,166.74999999999332,-inf
16676,166.7599999999933,-inf
16677,166.7699999999933,-inf
16678,166.7799999999933,-inf
16679,166.78999999999328,-inf
16680,166.79999999999328,-inf
16681,166.80999999999327,-inf
16682,166.81999999999326,-inf
16683,166.82999999999325,-inf
16684,166.83999999999324,-inf
16685,166.84999999999323,-inf
16686,166.85999999999322,-inf
16687,166.8699999999932,-inf
16688,166.8799999999932,-inf
16689,166.8899999999932,-inf
16690,166.89999999999318,-inf
16691,166.90999999999318,-inf
16692,166.91999999999317,-inf
16693,166.92999999999316,-inf
16694,166.93999999999315,-inf
16695,166.94999999999314,-inf
16696,166.95999999999313,-inf
16697,166.96999999999312,-inf
16698,166.9799999999931,-inf
16699,166.9899999999931,-inf
16700,166.9999999999931,-inf
16701,167.00999999999308,-inf
16702,167.01999999999308,-inf
16703,167.02999999999307,-inf
16704,167.03999999999306,-inf
16705,167.04999999999305,-inf
16706,167.05999999999304,-inf
16707,167.06999999999303,-inf
16708,167.07999999999302,-inf
16709,167.089999999993,-inf
16710,167.099999999993,-inf
16711,167.109999999993,-inf
16712,167.11999999999298,-inf
16713,167.12999999999298,-inf
16714,167.13999999999297,-inf
16715,167.14999999999296,-inf
16716,167.15999999999295,-inf
16717,167.16999999999294,-inf
16718,167.17999999999293,-inf
16719,167.18999999999292,-inf
16720,167.1999999999929,-inf
16721,167.2099999999929,-inf
16722,167.2199999999929,-inf
16723,167.22999999999288,-inf
16724,167.23999999999288,-inf
16725,167.24999999999287,-inf
16726,167.25999999999286,-inf
16727,167.26999999999285,-inf
16728,167.27999999999284,-inf
16729,167.28999999999283,-inf
16730,167.29999999999282,-inf
16731,167.3099999999928,-inf
16732,167.3199999999928,-inf
16733,167.3299999999928,-inf
16734,167.33999999999278,-inf
16735,167.34999999999278,-inf
16736,167.35999999999277,-inf
16737,167.36999999999276,-inf
16738,167.37999999999275,-inf
16739,167.38999999999274,-inf
16740,167.39999999999273,-inf
16741,167.40999999999272,-inf
16742,167.4199999999927,-inf
16743,167.4299999999927,-inf
16744,167.4399999999927,-inf
16745,167.44999999999268,-inf
16746,167.45999999999268,-inf
16747,167.46999999999267,-inf
16748,167.47999999999266,-inf
16749,167.48999999999265,-inf
16750,167.49999999999264,-inf
16751,167.50999999999263,-inf
16752,167.51999999999262,-inf
16753,167.5299999999926,-inf
16754,167.5399999999926,-inf
16755,167.5499999999926,-inf
16756,167.55999999999258,-inf
16757,167.56999999999258,-inf
16758,167.57999999999257,-inf
16759,167.58999999999256,-inf
16760,167.59999999999255,-inf
16761,167.60999999999254,-inf
16762,167.61999999999253,-inf
16763,167.62999999999252,-inf
16764,167.6399999999925,-inf
16765,167.6499999999925,-inf
16766,167.6599999999925,-inf
16767,167.66999999999248,-inf
16768,167.67999999999248,-inf
16769,167.68999999999247,-inf
16770,167.69999999999246,-inf
16771,167.70999999999245,-inf
16772,167.71999999999244,-inf
16773,167.72999999999243,-inf
16774,167.73999999999242,-inf
16775,167.7499999999924,-inf
16776,167.7599999999924,-inf
16777,167.7699999999924,-inf
16778,167.77999999999238,-inf
16779,167.78999999999238,-inf
16780,167.79999999999237,-inf
16781,167.80999999999236,-inf
16782,167.81999999999235,-inf
16783,167.82999999999234,-inf
16784,167.83999999999233,-inf
16785,167.84999999999232,-inf
16786,167.8599999999923,-inf
16787,167.8699999999923,-inf
16788,167.8799999999923,-inf
16789,167.88999999999228,-inf
16790,167.89999999999227,-inf
16791,167.90999999999227,-inf
16792,167.91999999999226,-inf
16793,167.92999999999225,-inf
16794,167.93999999999224,-inf
16795,167.94999999999223,-inf
16796,167.95999999999222,-inf
16797,167.9699999999922,-inf
16798,167.9799999999922,-inf
16799,167.9899999999922,-inf
16800,167.99999999999218,-inf
16801,168.00999999999217,-inf
16802,168.01999999999217,-inf
16803,168.02999999999216,-inf
16804,168.03999999999215,-inf
16805,168.04999999999214,-inf
16806,168.05999999999213,-inf
16807,168.06999999999212,-inf
16808,168.0799999999921,-inf
16809,168.0899999999921,-inf
16810,168.0999999999921,-inf
16811,168.10999999999208,-inf
16812,168.11999999999207,-inf
16813,168.12999999999207,-inf
16814,168.13999999999206,-inf
16815,168.14999999999205,-inf
16816,168.15999999999204,-inf
16817,168.16999999999203,-inf
16818,168.17999999999202,-inf
16819,168.189999999992,-inf
16820,168.199999999992,-inf
16821,168.209999999992,-inf
16822,168.21999999999198,-inf
16823,168.22999999999197,-inf
16824,168.23999999999197,-inf
16825,168.24999999999196,-inf
16826,168.25999999999195,-inf
16827,168.26999999999194,-inf
16828,168.27999999999193,-inf
16829,168.28999999999192,-inf
16830,168.2999999999919,-inf
16831,168.3099999999919,-inf
16832,168.3199999999919,-inf
16833,168.32999999999188,-inf
16834,168.33999999999187,-inf
16835,168.34999999999187,-inf
16836,168.35999999999186,-inf
16837,168.36999999999185,-inf
16838,168.37999999999184,-inf
16839,168.38999999999183,-inf
16840,168.39999999999182,-inf
16841,168.4099999999918,-inf
16842,168.4199999999918,-inf
16843,168.4299999999918,-inf
16844,168.43999999999178,-inf
16845,168.44999999999177,-inf
16846,168.45999999999177,-inf
16847,168.46999999999176,-inf
16848,168.47999999999175,-inf
16849,168.48999999999174,-inf
16850,168.49999999999173,-inf
16851,168.50999999999172,-inf
16852,168.5199999999917,-inf
16853,168.5299999999917,-inf
16854,168.5399999999917,-inf
16855,168.54999999999168,-inf
16856,168.55999999999167,-inf
16857,168.56999999999167,-inf
16858,168.57999999999166,-inf
16859,168.58999999999165,-inf
16860,168.59999999999164,-inf
16861,168.60999999999163,-inf
16862,168.61999999999162,-inf
16863,168.6299999999916,-inf
16864,168.6399999999916,-inf
16865,168.6499999999916,-inf
16866,168.65999999999158,-inf
16867,168.66999999999157,-inf
16868,168.67999999999157,-inf
16869,168.68999999999156,-inf
16870,168.69999999999155,-inf
16871,168.70999999999154,-inf
16872,168.71999999999153,-inf
16873,168.72999999999152,-inf
16874,168.7399999999915,-inf
16875,168.7499999999915,-inf
16876,168.7599999999915,-inf
16877,168.76999999999148,-inf
16878,168.77999999999147,-inf
16879,168.78999999999147,-inf
16880,168.79999999999146,-inf
16881,168.80999999999145,-inf
16882,168.81999999999144,-inf
16883,168.82999999999143,-inf
16884,168.83999999999142,-inf
16885,168.8499999999914,-inf
16886,168.8599999999914,-inf
16887,168.8699999999914,-inf
16888,168.87999999999138,-inf
16889,168.88999999999137,-inf
16890,168.89999999999137,-inf
16891,168.90999999999136,-inf
16892,168.91999999999135,-inf
16893,168.92999999999134,-inf
16894,168.93999999999133,-inf
16895,168.94999999999132,-inf
16896,168.9599999999913,-inf
16897,168.9699999999913,-inf
16898,168.9799999999913,-inf
16899,168.98999999999128,-inf
16900,168.99999999999127,-inf
16901,169.00999999999127,-inf
16902,169.01999999999126,-inf
16903,169.02999999999125,-inf
16904,169.03999999999124,-inf
16905,169.04999999999123,-inf
16906,169.05999999999122,-inf
16907,169.0699999999912,-inf
16908,169.0799999999912,-inf
16909,169.0899999999912,-inf
16910,169.09999999999118,-inf
16911,169.10999999999117,-inf
16912,169.11999999999117,-inf
16913,169.12999999999116,-inf
16914,169.13999999999115,-inf
16915,169.14999999999114,-inf
16916,169.15999999999113,-inf
16917,169.16999999999112,-inf
16918,169.1799999999911,-inf
16919,169.1899999999911,-inf
16920,169.1999999999911,-inf
16921,169.20999999999108,-inf
16922,169.21999999999107,-inf
16923,169.22999999999107,-inf
16924,169.23999999999106,-inf
16925,169.24999999999105,-inf
16926,169.25999999999104,-inf
16927,169.26999999999103,-inf
16928,169.27999999999102,-inf
16929,169.289999999991,-inf
16930,169.299999999991,-inf
16931,169.309999999991,-inf
16932,169.31999999999098,-inf
16933,169.32999999999097,-inf
16934,169.33999999999097,-inf
16935,169.34999999999096,-inf
16936,169.35999999999095,-inf
16937,169.36999999999094,-inf
16938,169.37999999999093,-inf
16939,169.38999999999092,-inf
16940,169.3999999999909,-inf
16941,169.4099999999909,-inf
16942,169.4199999999909,-inf
16943,169.42999999999088,-inf
16944,169.43999999999087,-inf
16945,169.44999999999087,-inf
16946,169.45999999999086,-inf
16947,169.46999999999085,-inf
16948,169.47999999999084,-inf
16949,169.48999999999083,-inf
16950,169.49999999999082,-inf
16951,169.5099999999908,-inf
16952,169.5199999999908,-inf
16953,169.5299999999908,-inf
16954,169.53999999999078,-inf
16955,169.54999999999077,-inf
16956,169.55999999999077,-inf
16957,169.56999999999076,-inf
16958,169.57999999999075,-inf
16959,169.58999999999074,-inf
16960,169.59999999999073,-inf
16961,169.60999999999072,-inf
16962,169.6199999999907,-inf
16963,169.6299999999907,-inf
16964,169.6399999999907,-inf
16965,169.64999999999068,-inf
16966,169.65999999999067,-inf
16967,169.66999999999067,-inf
16968,169.67999999999066,-inf
16969,169.68999999999065,-inf
16970,169.69999999999064,-inf
16971,169.70999999999063,-inf
16972,169.71999999999062,-inf
16973,169.7299999999906,-inf
16974,169.7399999999906,-inf
16975,169.7499999999906,-inf
16976,169.75999999999058,-inf
16977,169.76999999999057,-inf
16978,169.77999999999057,-inf
16979,169.78999999999056,-inf
16980,169.79999999999055,-inf
16981,169.80999999999054,-inf
16982,169.81999999999053,-inf
16983,169.82999999999052,-inf
16984,169.8399999999905,-inf
16985,169.8499999999905,-inf
16986,169.8599999999905,-inf
16987,169.86999999999048,-inf
16988,169.87999999999047,-inf
16989,169.88999999999047,-inf
16990,169.89999999999046,-inf
16991,169.90999999999045,-inf
16992,169.91999999999044,-inf
16993,169.92999999999043,-inf
16994,169.93999999999042,-inf
16995,169.9499999999904,-inf
16996,169.9599999999904,-inf
16997,169.9699999999904,-inf
16998,169.97999999999038,-inf
16999,169.98999999999037,-inf
17000,169.99999999999037,-inf
17001,170.00999999999036,-inf
17002,170.01999999999035,-inf
17003,170.02999999999034,-inf
17004,170.03999999999033,-inf
17005,170.04999999999032,-inf
17006,170.0599999999903,-inf
17007,170.0699999999903,-inf
17008,170.0799999999903,-inf
17009,170.08999999999028,-inf
17010,170.09999999999027,-inf
17011,170.10999999999026,-inf
17012,170.11999999999026,-inf
17013,170.12999999999025,-inf
17014,170.13999999999024,-inf
17015,170.14999999999023,-inf
17016,170.15999999999022,-inf
17017,170.1699999999902,-inf
17018,170.1799999999902,-inf
17019,170.1899999999902,-inf
17020,170.19999999999018,-inf
17021,170.20999999999017,-inf
17022,170.21999999999016,-inf
17023,170.22999999999016,-inf
17024,170.23999999999015,-inf
17025,170.24999999999014,-inf
17026,170.25999999999013,-inf
17027,170.26999999999012,-inf
17028,170.2799999999901,-inf
17029,170.2899999999901,-inf
17030,170.2999999999901,-inf
17031,170.30999999999008,-inf
17032,170.31999999999007,-inf
17033,170.32999999999006,-inf
17034,170.33999999999006,-inf
17035,170.34999999999005,-inf
17036,170.35999999999004,-inf
17037,170.36999999999003,-inf
17038,170.37999999999002,-inf
17039,170.38999999999,-inf
17040,170.39999999999,-inf
17041,170.40999999999,-inf
17042,170.41999999998998,-inf
17043,170.42999999998997,-inf
17044,170.43999999998996,-inf
17045,170.44999999998996,-inf
17046,170.45999999998995,-inf
17047,170.46999999998994,-inf
17048,170.47999999998993,-inf
17049,170.48999999998992,-inf
17050,170.4999999999899,-inf
17051,170.5099999999899,-inf
17052,170.5199999999899,-inf
17053,170.52999999998988,-inf
17054,170.53999999998987,-inf
17055,170.54999999998986,-inf
17056,170.55999999998986,-inf
17057,170.56999999998985,-inf
17058,170.57999999998984,-inf
17059,170.58999999998983,-inf
17060,170.59999999998982,-inf
17061,170.6099999999898,-inf
17062,170.6199999999898,-inf
17063,170.6299999999898,-inf
17064,170.63999999998978,-inf
17065,170.64999999998977,-inf
17066,170.65999999998976,-inf
17067,170.66999999998976,-inf
17068,170.67999999998975,-inf
17069,170.68999999998974,-inf
17070,170.69999999998973,-inf
17071,170.70999999998972,-inf
17072,170.7199999999897,-inf
17073,170.7299999999897,-inf
17074,170.7399999999897,-inf
17075,170.74999999998968,-inf
17076,170.75999999998967,-inf
17077,170.76999999998966,-inf
17078,170.77999999998966,-inf
17079,170.78999999998965,-inf
17080,170.79999999998964,-inf
17081,170.80999999998963,-inf
17082,170.81999999998962,-inf
17083,170.8299999999896,-inf
17084,170.8399999999896,-inf
17085,170.8499999999896,-inf
17086,170.85999999998958,-inf
17087,170.86999999998957,-inf
17088,170.87999999998956,-inf
17089,170.88999999998956,-inf
17090,170.89999999998955,-inf
17091,170.90999999998954,-inf
17092,170.91999999998953,-inf
17093,170.92999999998952,-inf
17094,170.9399999999895,-inf
17095,170.9499999999895,-inf
17096,170.9599999999895,-inf
17097,170.96999999998948,-inf
17098,170.97999999998947,-inf
17099,170.98999999998946,-inf
17100,170.99999999998946,-inf
17101,171.00999999998945,-inf
17102,171.01999999998944,-inf
17103,171.02999999998943,-inf
17104,171.03999999998942,-inf
17105,171.0499999999894,-inf
17106,171.0599999999894,-inf
17107,171.0699999999894,-inf
17108,171.07999999998938,-inf
17109,171.08999999998937,-inf
17110,171.09999999998936,-inf
17111,171.10999999998936,-inf
17112,171.11999999998935,-inf
17113,171.12999999998934,-inf
17114,171.13999999998933,-inf
17115,171.14999999998932,-inf
17116,171.1599999999893,-inf
17117,171.1699999999893,-inf
17118,171.1799999999893,-inf
17119,171.18999999998928,-inf
17120,171.19999999998927,-inf
17121,171.20999999998926,-inf
17122,171.21999999998926,-inf
17123,171.22999999998925,-inf
17124,171.23999999998924,-inf
17125,171.24999999998923,-inf
17126,171.25999999998922,-inf
17127,171.2699999999892,-inf
17128,171.2799999999892,-inf
17129,171.2899999999892,-inf
17130,171.29999999998918,-inf
17131,171.30999999998917,-inf
17132,171.31999999998916,-inf
17133,171.32999999998916,-inf
17134,171.33999999998915,-inf
17135,171.34999999998914,-inf
17136,171.35999999998913,-inf
17137,171.36999999998912,-inf
17138,171.3799999999891,-inf
17139,171.3899999999891,-inf
17140,171.3999999999891,-inf
17141,171.40999999998908,-inf
17142,171.41999999998907,-inf
17143,171.42999999998906,-inf
17144,171.43999999998906,-inf
17145,171.44999999998905,-inf
17146,171.45999999998904,-inf
17147,171.46999999998903,-inf
17148,171.47999999998902,-inf
17149,171.489999999989,-inf
17150,171.499999999989,-inf
17151,171.509999999989,-inf
17152,171.51999999998898,-inf
17153,171.52999999998897,-inf
17154,171.53999999998896,-inf
17155,171.54999999998896,-inf
17156,171.55999999998895,-inf
17157,171.56999999998894,-inf
17158,171.57999999998893,-inf
17159,171.58999999998892,-inf
17160,171.5999999999889,-inf
17161,171.6099999999889,-inf
17162,171.6199999999889,-inf
17163,171.62999999998888,-inf
17164,171.63999999998887,-inf
17165,171.64999999998886,-inf
17166,171.65999999998886,-inf
17167,171.66999999998885,-inf
17168,171.67999999998884,-inf
17169,171.68999999998883,-inf
17170,171.69999999998882,-inf
17171,171.7099999999888,-inf
17172,171.7199999999888,-inf
17173,171.7299999999888,-inf
17174,171.73999999998878,-inf
17175,171.74999999998877,-inf
17176,171.75999999998876,-inf
17177,171.76999999998876,-inf
17178,171.77999999998875,-inf
17179,171.78999999998874,-inf
17180,171.79999999998873,-inf
17181,171.80999999998872,-inf
17182,171.8199999999887,-inf
17183,171.8299999999887,-inf
17184,171.8399999999887,-inf
17185,171.84999999998868,-inf
17186,171.85999999998867,-inf
17187,171.86999999998866,-inf
17188,171.87999999998866,-inf
17189,171.88999999998865,-inf
17190,171.89999999998864,-inf
17191,171.90999999998863,-inf
17192,171.91999999998862,-inf
17193,171.9299999999886,-inf
17194,171.9399999999886,-inf
17195,171.9499999999886,-inf
17196,171.95999999998858,-inf
17197,171.96999999998857,-inf
17198,171.97999999998856,-inf
17199,171.98999999998856,-inf
17200,171.99999999998855,-inf
17201,172.00999999998854,-inf
17202,172.01999999998853,-inf
17203,172.02999999998852,-inf
17204,172.0399999999885,-inf
17205,172.0499999999885,-inf
17206,172.0599999999885,-inf
17207,172.06999999998848,-inf
17208,172.07999999998847,-inf
17209,172.08999999998846,-inf
17210,172.09999999998846,-inf
17211,172.10999999998845,-inf
17212,172.11999999998844,-inf
17213,172.12999999998843,-inf
17214,172.13999999998842,-inf
17215,172.1499999999884,-inf
17216,172.1599999999884,-inf
17217,172.1699999999884,-inf
17218,172.17999999998838,-inf
17219,172.18999999998837,-inf
17220,172.19999999998836,-inf
17221,172.20999999998836,-inf
17222,172.21999999998835,-inf
17223,172.22999999998834,-inf
17224,172.23999999998833,-inf
17225,172.24999999998832,-inf
17226,172.2599999999883,-inf
17227,172.2699999999883,-inf
17228,172.2799999999883,-inf
17229,172.28999999998828,-inf
17230,172.29999999998827,-inf
17231,172.30999999998826,-inf
17232,172.31999999998826,-inf
17233,172.32999999998825,-inf
17234,172.33999999998824,-inf
17235,172.34999999998823,-inf
17236,172.35999999998822,-inf
17237,172.3699999999882,-inf
17238,172.3799999999882,-inf
17239,172.3899999999882,-inf
17240,172.39999999998818,-inf
17241,172.40999999998817,-inf
17242,172.41999999998816,-inf
17243,172.42999999998815,-inf
17244,172.43999999998815,-inf
17245,172.44999999998814,-inf
17246,172.45999999998813,-inf
17247,172.46999999998812,-inf
17248,172.4799999999881,-inf
17249,172.4899999999881,-inf
17250,172.4999999999881,-inf
17251,172.50999999998808,-inf
17252,172.51999999998807,-inf
17253,172.52999999998806,-inf
17254,172.53999999998805,-inf
17255,172.54999999998805,-inf
17256,172.55999999998804,-inf
17257,172.56999999998803,-inf
17258,172.57999999998802,-inf
17259,172.589999999988,-inf
17260,172.599999999988,-inf
17261,172.609999999988,-inf
17262,172.61999999998798,-inf
17263,172.62999999998797,-inf
17264,172.63999999998796,-inf
17265,172.64999999998795,-inf
17266,172.65999999998795,-inf
17267,172.66999999998794,-inf
17268,172.67999999998793,-inf
17269,172.68999999998792,-inf
17270,172.6999999999879,-inf
17271,172.7099999999879,-inf
17272,172.7199999999879,-inf
17273,172.72999999998788,-inf
17274,172.73999999998787,-inf
17275,172.74999999998786,-inf
17276,172.75999999998785,-inf
17277,172.76999999998785,-inf
17278,172.77999999998784,-inf
17279,172.78999999998783,-inf
17280,172.79999999998782,-inf
17281,172.8099999999878,-inf
17282,172.8199999999878,-inf
17283,172.8299999999878,-inf
17284,172.83999999998778,-inf
17285,172.84999999998777,-inf
17286,172.85999999998776,-inf
17287,172.86999999998775,-inf
17288,172.87999999998775,-inf
17289,172.88999999998774,-inf
17290,172.89999999998773,-inf
17291,172.90999999998772,-inf
17292,172.9199999999877,-inf
17293,172.9299999999877,-inf
17294,172.9399999999877,-inf
17295,172.94999999998768,-inf
17296,172.95999999998767,-inf
17297,172.96999999998766,-inf
17298,172.97999999998765,-inf
17299,172.98999999998765,-inf
17300,172.99999999998764,-inf
17301,173.00999999998763,-inf
17302,173.01999999998762,-inf
17303,173.0299999999876,-inf
17304,173.0399999999876,-inf
17305,173.0499999999876,-inf
17306,173.05999999998758,-inf
17307,173.06999999998757,-inf
17308,173.07999999998756,-inf
17309,173.08999999998755,-inf
17310,173.09999999998755,-inf
17311,173.10999999998754,-inf
17312,173.11999999998753,-inf
17313,173.12999999998752,-inf
17314,173.1399999999875,-inf
17315,173.1499999999875,-inf
17316,173.1599999999875,-inf
17317,173.16999999998748,-inf
17318,173.17999999998747,-inf
17319,173.18999999998746,-inf
17320,173.19999999998745,-inf
17321,173.20999999998745,-inf
17322,173.21999999998744,-inf
17323,173.22999999998743,-inf
17324,173.23999999998742,-inf
17325,173.2499999999874,-inf
17326,173.2599999999874,-inf
17327,173.2699999999874,-inf
17328,173.27999999998738,-inf
17329,173.28999999998737,-inf
17330,173.29999999998736,-inf
17331,173.30999999998735,-inf
17332,173.31999999998735,-inf
17333,173.32999999998734,-inf
17334,173.33999999998733,-inf
17335,173.34999999998732,-inf
17336,173.3599999999873,-inf
17337,173.3699999999873,-inf
17338,173.3799999999873,-inf
17339,173.38999999998728,-inf
17340,173.39999999998727,-inf
17341,173.40999999998726,-inf
17342,173.41999999998725,-inf
17343,173.42999999998725,-inf
17344,173.43999999998724,-inf
17345,173.44999999998723,-inf
17346,173.45999999998722,-inf
17347,173.4699999999872,-inf
17348,173.4799999999872,-inf
17349,173.4899999999872,-inf
17350,173.49999999998718,-inf
17351,173.50999999998717,-inf
17352,173.51999999998716,-inf
17353,173.52999999998715,-inf
17354,173.53999999998715,-inf
17355,173.54999999998714,-inf
17356,173.55999999998713,-inf
17357,173.56999999998712,-inf
17358,173.5799999999871,-inf
17359,173.5899999999871,-inf
17360,173.5999999999871,-inf
17361,173.60999999998708,-inf
17362,173.61999999998707,-inf
17363,173.62999999998706,-inf
17364,173.63999999998705,-inf
17365,173.64999999998705,-inf
17366,173.65999999998704,-inf
17367,173.66999999998703,-inf
17368,173.67999999998702,-inf
17369,173.689999999987,-inf
17370,173.699999999987,-inf
17371,173.709999999987,-inf
17372,173.71999999998698,-inf
17373,173.72999999998697,-inf
17374,173.73999999998696,-inf
17375,173.74999999998695,-inf
17376,173.75999999998695,-inf
17377,173.76999999998694,-inf
17378,173.77999999998693,-inf
17379,173.78999999998692,-inf
17380,173.7999999999869,-inf
17381,173.8099999999869,-inf
17382,173.8199999999869,-inf
17383,173.82999999998688,-inf
17384,173.83999999998687,-inf
17385,173.84999999998686,-inf
17386,173.85999999998685,-inf
17387,173.86999999998685,-inf
17388,173.87999999998684,-inf
17389,173.88999999998683,-inf
17390,173.89999999998682,-inf
17391,173.9099999999868,-inf
17392,173.9199999999868,-inf
17393,173.9299999999868,-inf
17394,173.93999999998678,-inf
17395,173.94999999998677,-inf
17396,173.95999999998676,-inf
17397,173.96999999998675,-inf
17398,173.97999999998675,-inf
17399,173.98999999998674,-inf
17400,173.99999999998673,-inf
17401,174.00999999998672,-inf
17402,174.0199999999867,-inf
17403,174.0299999999867,-inf
17404,174.0399999999867,-inf
17405,174.04999999998668,-inf
17406,174.05999999998667,-inf
17407,174.06999999998666,-inf
17408,174.07999999998665,-inf
17409,174.08999999998665,-inf
17410,174.09999999998664,-inf
17411,174.10999999998663,-inf
17412,174.11999999998662,-inf
17413,174.1299999999866,-inf
17414,174.1399999999866,-inf
17415,174.1499999999866,-inf
17416,174.15999999998658,-inf
17417,174.16999999998657,-inf
17418,174.17999999998656,-inf
17419,174.18999999998655,-inf
17420,174.19999999998655,-inf
17421,174.20999999998654,-inf
17422,174.21999999998653,-inf
17423,174.22999999998652,-inf
17424,174.2399999999865,-inf
17425,174.2499999999865,-inf
17426,174.2599999999865,-inf
17427,174.26999999998648,-inf
17428,174.27999999998647,-inf
17429,174.28999999998646,-inf
17430,174.29999999998645,-inf
17431,174.30999999998645,-inf
17432,174.31999999998644,-inf
17433,174.32999999998643,-inf
17434,174.33999999998642,-inf
17435,174.3499999999864,-inf
17436,174.3599999999864,-inf
17437,174.3699999999864,-inf
17438,174.37999999998638,-inf
17439,174.38999999998637,-inf
17440,174.39999999998636,-inf
17441,174.40999999998635,-inf
17442,174.41999999998635,-inf
17443,174.42999999998634,-inf
17444,174.43999999998633,-inf
17445,174.44999999998632,-inf
17446,174.4599999999863,-inf
17447,174.4699999999863,-inf
17448,174.4799999999863,-inf
17449,174.48999999998628,-inf
17450,174.49999999998627,-inf
17451,174.50999999998626,-inf
17452,174.51999999998625,-inf
17453,174.52999999998625,-inf
17454,174.53999999998624,-inf
17455,174.54999999998623,-inf
17456,174.55999999998622,-inf
17457,174.5699999999862,-inf
17458,174.5799999999862,-inf
17459,174.5899999999862,-inf
17460,174.59999999998618,-inf
17461,174.60999999998617,-inf
17462,174.61999999998616,-inf
17463,174.62999999998615,-inf
17464,174.63999999998614,-inf
17465,174.64999999998614,-inf
17466,174.65999999998613,-inf
17467,174.66999999998612,-inf
17468,174.6799999999861,-inf
17469,174.6899999999861,-inf
17470,174.6999999999861,-inf
17471,174.70999999998608,-inf
17472,174.71999999998607,-inf
17473,174.72999999998606,-inf
17474,174.73999999998605,-inf
17475,174.74999999998604,-inf
17476,174.75999999998604,-inf
17477,174.76999999998603,-inf
17478,174.77999999998602,-inf
17479,174.789999999986,-inf
17480,174.799999999986,-inf
17481,174.809999999986,-inf
17482,174.81999999998598,-inf
17483,174.82999999998597,-inf
17484,174.83999999998596,-inf
17485,174.84999999998595,-inf
17486,174.85999999998594,-inf
17487,174.86999999998594,-inf
17488,174.87999999998593,-inf
17489,174.88999999998592,-inf
17490,174.8999999999859,-inf
17491,174.9099999999859,-inf
17492,174.9199999999859,-inf
17493,174.92999999998588,-inf
17494,174.93999999998587,-inf
17495,174.94999999998586,-inf
17496,174.95999999998585,-inf
17497,174.96999999998584,-inf
17498,174.97999999998584,-inf
17499,174.98999999998583,-inf
17500,174.99999999998582,-inf
17501,175.0099999999858,-inf
17502,175.0199999999858,-inf
17503,175.0299999999858,-inf
17504,175.03999999998578,-inf
17505,175.04999999998577,-inf
17506,175.05999999998576,-inf
17507,175.06999999998575,-inf
17508,175.07999999998574,-inf
17509,175.08999999998574,-inf
17510,175.09999999998573,-inf
17511,175.10999999998572,-inf
17512,175.1199999999857,-inf
17513,175.1299999999857,-inf
17514,175.1399999999857,-inf
17515,175.14999999998568,-inf
17516,175.15999999998567,-inf
17517,175.16999999998566,-inf
17518,175.17999999998565,-inf
17519,175.18999999998564,-inf
17520,175.19999999998564,-inf
17521,175.20999999998563,-inf
17522,175.21999999998562,-inf
17523,175.2299999999856,-inf
17524,175.2399999999856,-inf
17525,175.2499999999856,-inf
17526,175.25999999998558,-inf
17527,175.26999999998557,-inf
17528,175.27999999998556,-inf
17529,175.28999999998555,-inf
17530,175.29999999998554,-inf
17531,175.30999999998554,-inf
17532,175.31999999998553,-inf
17533,175.32999999998552,-inf
17534,175.3399999999855,-inf
17535,175.3499999999855,-inf
17536,175.3599999999855,-inf
17537,175.36999999998548,-inf
17538,175.37999999998547,-inf
17539,175.38999999998546,-inf
17540,175.39999999998545,-inf
17541,175.40999999998544,-inf
17542,175.41999999998544,-inf
17543,175.42999999998543,-inf
17544,175.43999999998542,-inf
17545,175.4499999999854,-inf
17546,175.4599999999854,-inf
17547,175.4699999999854,-inf
17548,175.47999999998538,-inf
17549,175.48999999998537,-inf
17550,175.49999999998536,-inf
17551,175.50999999998535,-inf
17552,175.51999999998534,-inf
17553,175.52999999998534,-inf
17554,175.53999999998533,-inf
17555,175.54999999998532,-inf
17556,175.5599999999853,-inf
17557,175.5699999999853,-inf
17558,175.5799999999853,-inf
17559,175.58999999998528,-inf
17560,175.59999999998527,-inf
17561,175.60999999998526,-inf
17562,175.61999999998525,-inf
17563,175.62999999998524,-inf
17564,175.63999999998524,-inf
17565,175.64999999998523,-inf
17566,175.65999999998522,-inf
17567,175.6699999999852,-inf
17568,175.6799999999852,-inf
17569,175.6899999999852,-inf
17570,175.69999999998518,-inf
17571,175.70999999998517,-inf
17572,175.71999999998516,-inf
17573,175.72999999998515,-inf
17574,175.73999999998514,-inf
17575,175.74999999998514,-inf
17576,175.75999999998513,-inf
17577,175.76999999998512,-inf
17578,175.7799999999851,-inf
17579,175.7899999999851,-inf
17580,175.7999999999851,-inf
17581,175.80999999998508,-inf
17582,175.81999999998507,-inf
17583,175.82999999998506,-inf
17584,175.83999999998505,-inf
17585,175.84999999998504,-inf
17586,175.85999999998504,-inf
17587,175.86999999998503,-inf
17588,175.87999999998502,-inf
17589,175.889999999985,-inf
17590,175.899999999985,-inf
17591,175.909999999985,-inf
17592,175.91999999998498,-inf
17593,175.92999999998497,-inf
17594,175.93999999998496,-inf
17595,175.94999999998495,-inf
17596,175.95999999998494,-inf
17597,175.96999999998494,-inf
17598,175.97999999998493,-inf
17599,175.98999999998492,-inf
17600,175.9999999999849,-inf
17601,176.0099999999849,-inf
17602,176.0199999999849,-inf
17603,176.02999999998488,-inf
17604,176.03999999998487,-inf
17605,176.04999999998486,-inf
17606,176.05999999998485,-inf
17607,176.06999999998484,-inf
17608,176.07999999998484,-inf
17609,176.08999999998483,-inf
17610,176.09999999998482,-inf
17611,176.1099999999848,-inf
17612,176.1199999999848,-inf
17613,176.1299999999848,-inf
17614,176.13999999998478,-inf
17615,176.14999999998477,-inf
17616,176.15999999998476,-inf
17617,176.16999999998475,-inf
17618,176.17999999998474,-inf
17619,176.18999999998474,-inf
17620,176.19999999998473,-inf
17621,176.20999999998472,-inf
17622,176.2199999999847,-inf
17623,176.2299999999847,-inf
17624,176.2399999999847,-inf
17625,176.24999999998468,-inf
17626,176.25999999998467,-inf
17627,176.26999999998466,-inf
17628,176.27999999998465,-inf
17629,176.28999999998464,-inf
17630,176.29999999998464,-inf
17631,176.30999999998463,-inf
17632,176.31999999998462,-inf
17633,176.3299999999846,-inf
17634,176.3399999999846,-inf
17635,176.3499999999846,-inf
17636,176.35999999998458,-inf
17637,176.36999999998457,-inf
17638,176.37999999998456,-inf
17639,176.38999999998455,-inf
17640,176.39999999998454,-inf
17641,176.40999999998454,-inf
17642,176.41999999998453,-inf
17643,176.42999999998452,-inf
17644,176.4399999999845,-inf
17645,176.4499999999845,-inf
17646,176.4599999999845,-inf
17647,176.46999999998448,-inf
17648,176.47999999998447,-inf
17649,176.48999999998446,-inf
17650,176.49999999998445,-inf
17651,176.50999999998444,-inf
17652,176.51999999998444,-inf
17653,176.52999999998443,-inf
17654,176.53999999998442,-inf
17655,176.5499999999844,-inf
17656,176.5599999999844,-inf
17657,176.5699999999844,-inf
17658,176.57999999998438,-inf
17659,176.58999999998437,-inf
17660,176.59999999998436,-inf
17661,176.60999999998435,-inf
17662,176.61999999998434,-inf
17663,176.62999999998434,-inf
17664,176.63999999998433,-inf
17665,176.64999999998432,-inf
17666,176.6599999999843,-inf
17667,176.6699999999843,-inf
17668,176.6799999999843,-inf
17669,176.68999999998428,-inf
17670,176.69999999998427,-inf
17671,176.70999999998426,-inf
17672,176.71999999998425,-inf
17673,176.72999999998424,-inf
17674,176.73999999998424,-inf
17675,176.74999999998423,-inf
17676,176.75999999998422,-inf
17677,176.7699999999842,-inf
17678,176.7799999999842,-inf
17679,176.7899999999842,-inf
17680,176.79999999998418,-inf
17681,176.80999999998417,-inf
17682,176.81999999998416,-inf
17683,176.82999999998415,-inf
17684,176.83999999998414,-inf
17685,176.84999999998414,-inf
17686,176.85999999998413,-inf
17687,176.86999999998412,-inf
17688,176.8799999999841,-inf
17689,176.8899999999841,-inf
17690,176.8999999999841,-inf
17691,176.90999999998408,-inf
17692,176.91999999998407,-inf
17693,176.92999999998406,-inf
17694,176.93999999998405,-inf
17695,176.94999999998404,-inf
17696,176.95999999998403,-inf
17697,176.96999999998403,-inf
17698,176.97999999998402,-inf
17699,176.989999999984,-inf
17700,176.999999999984,-inf
17701,177.009999999984,-inf
17702,177.01999999998398,-inf
17703,177.02999999998397,-inf
17704,177.03999999998396,-inf
17705,177.04999999998395,-inf
17706,177.05999999998394,-inf
17707,177.06999999998393,-inf
17708,177.07999999998393,-inf
17709,177.08999999998392,-inf
17710,177.0999999999839,-inf
17711,177.1099999999839,-inf
17712,177.1199999999839,-inf
17713,177.12999999998388,-inf
17714,177.13999999998387,-inf
17715,177.14999999998386,-inf
17716,177.15999999998385,-inf
17717,177.16999999998384,-inf
17718,177.17999999998383,-inf
17719,177.18999999998383,-inf
17720,177.19999999998382,-inf
17721,177.2099999999838,-inf
17722,177.2199999999838,-inf
17723,177.2299999999838,-inf
17724,177.23999999998378,-inf
17725,177.24999999998377,-inf
17726,177.25999999998376,-inf
17727,177.26999999998375,-inf
17728,177.27999999998374,-inf
17729,177.28999999998373,-inf
17730,177.29999999998373,-inf
17731,177.30999999998372,-inf
17732,177.3199999999837,-inf
17733,177.3299999999837,-inf
17734,177.3399999999837,-inf
17735,177.34999999998368,-inf
17736,177.35999999998367,-inf
17737,177.36999999998366,-inf
17738,177.37999999998365,-inf
17739,177.38999999998364,-inf
17740,177.39999999998363,-inf
17741,177.40999999998363,-inf
17742,177.41999999998362,-inf
17743,177.4299999999836,-inf
17744,177.4399999999836,-inf
17745,177.4499999999836,-inf
17746,177.45999999998358,-inf
17747,177.46999999998357,-inf
17748,177.47999999998356,-inf
17749,177.48999999998355,-inf
17750,177.49999999998354,-inf
17751,177.50999999998353,-inf
17752,177.51999999998353,-inf
17753,177.52999999998352,-inf
17754,177.5399999999835,-inf
17755,177.5499999999835,-inf
17756,177.5599999999835,-inf
17757,177.56999999998348,-inf
17758,177.57999999998347,-inf
17759,177.58999999998346,-inf
17760,177.59999999998345,-inf
17761,177.60999999998344,-inf
17762,177.61999999998343,-inf
17763,177.62999999998343,-inf
17764,177.63999999998342,-inf
17765,177.6499999999834,-inf
17766,177.6599999999834,-inf
17767,177.6699999999834,-inf
17768,177.67999999998338,-inf
17769,177.68999999998337,-inf
17770,177.69999999998336,-inf
17771,177.70999999998335,-inf
17772,177.71999999998334,-inf
17773,177.72999999998333,-inf
17774,177.73999999998333,-inf
17775,177.74999999998332,-inf
17776,177.7599999999833,-inf
17777,177.7699999999833,-inf
17778,177.7799999999833,-inf
17779,177.78999999998328,-inf
17780,177.79999999998327,-inf
17781,177.80999999998326,-inf
17782,177.81999999998325,-inf
17783,177.82999999998324,-inf
17784,177.83999999998323,-inf
17785,177.84999999998323,-inf
17786,177.85999999998322,-inf
17787,177.8699999999832,-inf
17788,177.8799999999832,-inf
17789,177.8899999999832,-inf
17790,177.89999999998318,-inf
17791,177.90999999998317,-inf
17792,177.91999999998316,-inf
17793,177.92999999998315,-inf
17794,177.93999999998314,-inf
17795,177.94999999998313,-inf
17796,177.95999999998313,-inf
17797,177.96999999998312,-inf
17798,177.9799999999831,-inf
17799,177.9899999999831,-inf
17800,177.9999999999831,-inf
17801,178.00999999998308,-inf
17802,178.01999999998307,-inf
17803,178.02999999998306,-inf
17804,178.03999999998305,-inf
17805,178.04999999998304,-inf
17806,178.05999999998303,-inf
17807,178.06999999998303,-inf
17808,178.07999999998302,-inf
17809,178.089999999983,-inf
17810,178.099999999983,-inf
17811,178.109999999983,-inf
17812,178.11999999998298,-inf
17813,178.12999999998297,-inf
17814,178.13999999998296,-inf
17815,178.14999999998295,-inf
17816,178.15999999998294,-inf
17817,178.16999999998293,-inf
17818,178.17999999998293,-inf
17819,178.18999999998292,-inf
17820,178.1999999999829,-inf
17821,178.2099999999829,-inf
17822,178.2199999999829,-inf
17823,178.22999999998288,-inf
17824,178.23999999998287,-inf
17825,178.24999999998286,-inf
17826,178.25999999998285,-inf
17827,178.26999999998284,-inf
17828,178.27999999998283,-inf
17829,178.28999999998283,-inf
17830,178.29999999998282,-inf
17831,178.3099999999828,-inf
17832,178.3199999999828,-inf
17833,178.3299999999828,-inf
17834,178.33999999998278,-inf
17835,178.34999999998277,-inf
17836,178.35999999998276,-inf
17837,178.36999999998275,-inf
17838,178.37999999998274,-inf
17839,178.38999999998273,-inf
17840,178.39999999998273,-inf
17841,178.40999999998272,-inf
17842,178.4199999999827,-inf
17843,178.4299999999827,-inf
17844,178.4399999999827,-inf
17845,178.44999999998268,-inf
17846,178.45999999998267,-inf
17847,178.46999999998266,-inf
17848,178.47999999998265,-inf
17849,178.48999999998264,-inf
17850,178.49999999998263,-inf
17851,178.50999999998263,-inf
17852,178.51999999998262,-inf
17853,178.5299999999826,-inf
17854,178.5399999999826,-inf
17855,178.5499999999826,-inf
17856,178.55999999998258,-inf
17857,178.56999999998257,-inf
17858,178.57999999998256,-inf
17859,178.58999999998255,-inf
17860,178.59999999998254,-inf
17861,178.60999999998253,-inf
17862,178.61999999998253,-inf
17863,178.62999999998252,-inf
17864,178.6399999999825,-inf
17865,178.6499999999825,-inf
17866,178.6599999999825,-inf
17867,178.66999999998248,-inf
17868,178.67999999998247,-inf
17869,178.68999999998246,-inf
17870,178.69999999998245,-inf
17871,178.70999999998244,-inf
17872,178.71999999998243,-inf
17873,178.72999999998243,-inf
17874,178.73999999998242,-inf
17875,178.7499999999824,-inf
17876,178.7599999999824,-inf
17877,178.7699999999824,-inf
17878,178.77999999998238,-inf
17879,178.78999999998237,-inf
17880,178.79999999998236,-inf
17881,178.80999999998235,-inf
17882,178.81999999998234,-inf
17883,178.82999999998233,-inf
17884,178.83999999998233,-inf
17885,178.84999999998232,-inf
17886,178.8599999999823,-inf
17887,178.8699999999823,-inf
17888,178.8799999999823,-inf
17889,178.88999999998228,-inf
17890,178.89999999998227,-inf
17891,178.90999999998226,-inf
17892,178.91999999998225,-inf
17893,178.92999999998224,-inf
17894,178.93999999998223,-inf
17895,178.94999999998223,-inf
17896,178.95999999998222,-inf
17897,178.9699999999822,-inf
17898,178.9799999999822,-inf
17899,178.9899999999822,-inf
17900,178.99999999998218,-inf
17901,179.00999999998217,-inf
17902,179.01999999998216,-inf
17903,179.02999999998215,-inf
17904,179.03999999998214,-inf
17905,179.04999999998213,-inf
17906,179.05999999998213,-inf
17907,179.06999999998212,-inf
17908,179.0799999999821,-inf
17909,179.0899999999821,-inf
17910,179.0999999999821,-inf
17911,179.10999999998208,-inf
17912,179.11999999998207,-inf
17913,179.12999999998206,-inf
17914,179.13999999998205,-inf
17915,179.14999999998204,-inf
17916,179.15999999998203,-inf
17917,179.16999999998202,-inf
17918,179.17999999998202,-inf
17919,179.189999999982,-inf
17920,179.199999999982,-inf
17921,179.209999999982,-inf
17922,179.21999999998198,-inf
17923,179.22999999998197,-inf
17924,179.23999999998196,-inf
17925,179.24999999998195,-inf
17926,179.25999999998194,-inf
17927,179.26999999998193,-inf
17928,179.27999999998192,-inf
17929,179.28999999998192,-inf
17930,179.2999999999819,-inf
17931,179.3099999999819,-inf
17932,179.3199999999819,-inf
17933,179.32999999998188,-inf
17934,179.33999999998187,-inf
17935,179.34999999998186,-inf
17936,179.35999999998185,-inf
17937,179.36999999998184,-inf
17938,179.37999999998183,-inf
17939,179.38999999998182,-inf
17940,179.39999999998182,-inf
17941,179.4099999999818,-inf
17942,179.4199999999818,-inf
17943,179.4299999999818,-inf
17944,179.43999999998178,-inf
17945,179.44999999998177,-inf
17946,179.45999999998176,-inf
17947,179.46999999998175,-inf
17948,179.47999999998174,-inf
17949,179.48999999998173,-inf
17950,179.49999999998172,-inf
17951,179.50999999998172,-inf
17952,179.5199999999817,-inf
17953,179.5299999999817,-inf
17954,179.5399999999817,-inf
17955,179.54999999998168,-inf
17956,179.55999999998167,-inf
17957,179.56999999998166,-inf
17958,179.57999999998165,-inf
17959,179.58999999998164,-inf
17960,179.59999999998163,-inf
17961,179.60999999998162,-inf
17962,179.61999999998162,-inf
17963,179.6299999999816,-inf
17964,179.6399999999816,-inf
17965,179.6499999999816,-inf
17966,179.65999999998158,-inf
17967,179.66999999998157,-inf
17968,179.67999999998156,-inf
17969,179.68999999998155,-inf
17970,179.69999999998154,-inf
17971,179.70999999998153,-inf
17972,179.71999999998152,-inf
17973,179.72999999998152,-inf
17974,179.7399999999815,-inf
17975,179.7499999999815,-inf
17976,179.7599999999815,-inf
17977,179.76999999998148,-inf
17978,179.77999999998147,-inf
17979,179.78999999998146,-inf
17980,179.79999999998145,-inf
17981,179.80999999998144,-inf
17982,179.81999999998143,-inf
17983,179.82999999998142,-inf
17984,179.83999999998142,-inf
17985,179.8499999999814,-inf
17986,179.8599999999814,-inf
17987,179.8699999999814,-inf
17988,179.87999999998138,-inf
17989,179.88999999998137,-inf
17990,179.89999999998136,-inf
17991,179.90999999998135,-inf
17992,179.91999999998134,-inf
17993,179.92999999998133,-inf
17994,179.93999999998132,-inf
17995,179.94999999998132,-inf
17996,179.9599999999813,-inf
17997,179.9699999999813,-inf
17998,179.9799999999813,-inf
17999,179.98999999998128,-inf
18000,179.99999999998127,-inf
18001,180.00999999998126,-inf
18002,180.01999999998125,-inf
18003,180.02999999998124,-inf
18004,180.03999999998123,-inf
18005,180.04999999998122,-inf
18006,180.05999999998122,-inf
18007,180.0699999999812,-inf
18008,180.0799999999812,-inf
18009,180.0899999999812,-inf
18010,180.09999999998118,-inf
18011,180.10999999998117,-inf
18012,180.11999999998116,-inf
18013,180.12999999998115,-inf
18014,180.13999999998114,-inf
18015,180.14999999998113,-inf
18016,180.15999999998112,-inf
18017,180.16999999998112,-inf
18018,180.1799999999811,-inf
18019,180.1899999999811,-inf
18020,180.1999999999811,-inf
18021,180.20999999998108,-inf
18022,180.21999999998107,-inf
18023,180.22999999998106,-inf
18024,180.23999999998105,-inf
18025,180.24999999998104,-inf
18026,180.25999999998103,-inf
18027,180.26999999998102,-inf
18028,180.27999999998102,-inf
18029,180.289999999981,-inf
18030,180.299999999981,-inf
18031,180.309999999981,-inf
18032,180.31999999998098,-inf
18033,180.32999999998097,-inf
18034,180.33999999998096,-inf
18035,180.34999999998095,-inf
18036,180.35999999998094,-inf
18037,180.36999999998093,-inf
18038,180.37999999998092,-inf
18039,180.38999999998092,-inf
18040,180.3999999999809,-inf
18041,180.4099999999809,-inf
18042,180.4199999999809,-inf
18043,180.42999999998088,-inf
18044,180.43999999998087,-inf
18045,180.44999999998086,-inf
18046,180.45999999998085,-inf
18047,180.46999999998084,-inf
18048,180.47999999998083,-inf
18049,180.48999999998082,-inf
18050,180.49999999998082,-inf
18051,180.5099999999808,-inf
18052,180.5199999999808,-inf
18053,180.5299999999808,-inf
18054,180.53999999998078,-inf
18055,180.54999999998077,-inf
18056,180.55999999998076,-inf
18057,180.56999999998075,-inf
18058,180.57999999998074,-inf
18059,180.58999999998073,-inf
18060,180.59999999998072,-inf
18061,180.60999999998072,-inf
18062,180.6199999999807,-inf
18063,180.6299999999807,-inf
18064,180.6399999999807,-inf
18065,180.64999999998068,-inf
18066,180.65999999998067,-inf
18067,180.66999999998066,-inf
18068,180.67999999998065,-inf
18069,180.68999999998064,-inf
18070,180.69999999998063,-inf
18071,180.70999999998062,-inf
18072,180.71999999998062,-inf
18073,180.7299999999806,-inf
18074,180.7399999999806,-inf
18075,180.7499999999806,-inf
18076,180.75999999998058,-inf
18077,180.76999999998057,-inf
18078,180.77999999998056,-inf
18079,180.78999999998055,-inf
18080,180.79999999998054,-inf
18081,180.80999999998053,-inf
18082,180.81999999998052,-inf
18083,180.82999999998052,-inf
18084,180.8399999999805,-inf
18085,180.8499999999805,-inf
18086,180.8599999999805,-inf
18087,180.86999999998048,-inf
18088,180.87999999998047,-inf
18089,180.88999999998046,-inf
18090,180.89999999998045,-inf
18091,180.90999999998044,-inf
18092,180.91999999998043,-inf
18093,180.92999999998042,-inf
18094,180.93999999998042,-inf
18095,180.9499999999804,-inf
18096,180.9599999999804,-inf
18097,180.9699999999804,-inf
18098,180.97999999998038,-inf
18099,180.98999999998037,-inf
18100,180.99999999998036,-inf
18101,181.00999999998035,-inf
18102,181.01999999998034,-inf
18103,181.02999999998033,-inf
18104,181.03999999998032,-inf
18105,181.04999999998032,-inf
18106,181.0599999999803,-inf
18107,181.0699999999803,-inf
18108,181.0799999999803,-inf
18109,181.08999999998028,-inf
18110,181.09999999998027,-inf
18111,181.10999999998026,-inf
18112,181.11999999998025,-inf
18113,181.12999999998024,-inf
18114,181.13999999998023,-inf
18115,181.14999999998022,-inf
18116,181.15999999998022,-inf
18117,181.1699999999802,-inf
18118,181.1799999999802,-inf
18119,181.1899999999802,-inf
18120,181.19999999998018,-inf
18121,181.20999999998017,-inf
18122,181.21999999998016,-inf
18123,181.22999999998015,-inf
18124,181.23999999998014,-inf
18125,181.24999999998013,-inf
18126,181.25999999998012,-inf
18127,181.26999999998012,-inf
18128,181.2799999999801,-inf
18129,181.2899999999801,-inf
18130,181.2999999999801,-inf
18131,181.30999999998008,-inf
18132,181.31999999998007,-inf
18133,181.32999999998006,-inf
18134,181.33999999998005,-inf
18135,181.34999999998004,-inf
18136,181.35999999998003,-inf
18137,181.36999999998002,-inf
18138,181.37999999998001,-inf
18139,181.38999999998,-inf
18140,181.39999999998,-inf
18141,181.40999999998,-inf
18142,181.41999999997998,-inf
18143,181.42999999997997,-inf
18144,181.43999999997996,-inf
18145,181.44999999997995,-inf
18146,181.45999999997994,-inf
18147,181.46999999997993,-inf
18148,181.47999999997992,-inf
18149,181.48999999997991,-inf
18150,181.4999999999799,-inf
18151,181.5099999999799,-inf
18152,181.5199999999799,-inf
18153,181.52999999997988,-inf
18154,181.53999999997987,-inf
18155,181.54999999997986,-inf
18156,181.55999999997985,-inf
18157,181.56999999997984,-inf
18158,181.57999999997983,-inf
18159,181.58999999997982,-inf
18160,181.59999999997981,-inf
18161,181.6099999999798,-inf
18162,181.6199999999798,-inf
18163,181.6299999999798,-inf
18164,181.63999999997978,-inf
18165,181.64999999997977,-inf
18166,181.65999999997976,-inf
18167,181.66999999997975,-inf
18168,181.67999999997974,-inf
18169,181.68999999997973,-inf
18170,181.69999999997972,-inf
18171,181.70999999997971,-inf
18172,181.7199999999797,-inf
18173,181.7299999999797,-inf
18174,181.7399999999797,-inf
18175,181.74999999997968,-inf
18176,181.75999999997967,-inf
18177,181.76999999997966,-inf
18178,181.77999999997965,-inf
18179,181.78999999997964,-inf
18180,181.79999999997963,-inf
18181,181.80999999997962,-inf
18182,181.81999999997961,-inf
18183,181.8299999999796,-inf
18184,181.8399999999796,-inf
18185,181.8499999999796,-inf
18186,181.85999999997958,-inf
18187,181.86999999997957,-inf
18188,181.87999999997956,-inf
18189,181.88999999997955,-inf
18190,181.89999999997954,-inf
18191,181.90999999997953,-inf
18192,181.91999999997952,-inf
18193,181.92999999997951,-inf
18194,181.9399999999795,-inf
18195,181.9499999999795,-inf
18196,181.9599999999795,-inf
18197,181.96999999997948,-inf
18198,181.97999999997947,-inf
18199,181.98999999997946,-inf
18200,181.99999999997945,-inf
18201,182.00999999997944,-inf
18202,182.01999999997943,-inf
18203,182.02999999997942,-inf
18204,182.03999999997941,-inf
18205,182.0499999999794,-inf
18206,182.0599999999794,-inf
18207,182.0699999999794,-inf
18208,182.07999999997938,-inf
18209,182.08999999997937,-inf
18210,182.09999999997936,-inf
18211,182.10999999997935,-inf
18212,182.11999999997934,-inf
18213,182.12999999997933,-inf
18214,182.13999999997932,-inf
18215,182.14999999997931,-inf
18216,182.1599999999793,-inf
18217,182.1699999999793,-inf
18218,182.1799999999793,-inf
18219,182.18999999997928,-inf
18220,182.19999999997927,-inf
18221,182.20999999997926,-inf
18222,182.21999999997925,-inf
18223,182.22999999997924,-inf
18224,182.23999999997923,-inf
18225,182.24999999997922,-inf
18226,182.25999999997921,-inf
18227,182.2699999999792,-inf
18228,182.2799999999792,-inf
18229,182.2899999999792,-inf
18230,182.29999999997918,-inf
18231,182.30999999997917,-inf
18232,182.31999999997916,-inf
